349
1.65843 0.260817 0.482105
474.735 413.062
2.30198 -0.527305 0.44073
718.732 37.3451
2.24994 -0.111743 0.742657
609.065 223.911
1.12918 0.226048 0.67619
228.912 402.579
0.904671 -0.447567 0.990038
135.88 149.887
0.424118 -0.507838 1.34181
16.441 162.946
1.93344 0.116414 0.846687
505.813 309.997
1.2088 -0.147632 0.9288
248.6 239.909
0.682698 -0.159939 1.08528
78.3748 255.043
0.671895 -0.100314 1.12351
78.0961 274.993
0.842049 0.0332852 1.0722
137.759 312.704
0.879305 0.0246971 1.06145
151.093 308.36
0.848076 0.0347439 1.06687
137.589 316.612
0.8621 -0.133808 1.06152
139.082 258.642
0.676844 0.0163348 1.10861
81.7043 310.974
0.734681 0.0194233 1.06418
100.946 314.166
0.670299 0.0154057 1.10466
81.2533 319.073
0.65597 0.1229 0.869843
40.9173 367.566
2.27294 -0.357793 0.538212
673.601 119.556
0.677513 0.201296 0.705621
17.3545 418.681
0.706573 0.193952 0.744155
41.3739 406.777
0.669358 0.197024 0.717679
16.2627 419.58
2.28127 -0.314234 0.609934
652.256 147.148
2.27776 -0.561518 0.400013
719.915 16.2054
2.29072 -0.445507 0.386333
735.558 61.6688
2.28052 -0.346276 0.540999
675.675 124.346
1.13294 0.2232 0.675769
228.246 402.617
1.31183 0.265403 0.578866
307.944 422.676
0.455691 -0.259362 1.24386
16.3799 237.266
2.27235 -0.296002 0.533958
677.904 145.305
1.67993 0.290457 0.493971
484.476 425.165
0.830083 -0.180399 1.0509
125.714 244.547
0.861432 -0.137075 1.04399
136.879 257.374
0.847193 -0.0850948 1.08092
140.328 276.544
0.683768 -0.156397 1.08611
78.3574 257.7
0.722564 -0.190183 1.07689
90.647 244.453
0.698744 -0.0663225 1.02734
77.8483 284.33
0.679634 -0.100654 1.09207
82.2394 274.255
0.78583 0.0310586 1.07956
120.471 312.709
0.852468 -0.026233 1.05784
139.853 295.821
0.676542 -0.0447064 1.10154
81.6399 294.237
0.732598 0.195897 0.710535
45.0954 412.274
0.784429 0.23171 0.635032
54.6786 437.345
0.826466 0.239608 0.61728
71.2757 442.701
0.596213 0.175781 0.747961
-11.0743 407.707
1.19516 0.236146 0.615712
254.066 411.319
1.26373 0.198879 0.623962
283.706 390.186
0.896787 -0.631101 0.91255
120.128 84.0771
2.26866 -0.180913 0.741605
621.077 202.204
2.24536 -0.108606 0.728669
612.828 225.148
2.25983 -0.0800006 0.713526
624.21 234.749
0.999204 0.237747 0.601555
159.7 432.26
2.12174 -0.159275 0.806516
562.36 206.886
0.962154 0.226336 0.661084
149.972 418.958
0.461744 -0.352201 1.07747
-10.933 198.458
0.860257 -0.734055 0.868789
97.2483 32.4745
1.22184 0.0206437 0.70252
259.064 309.8
2.13318 -0.180812 0.814647
562.359 206.886
2.30055 -0.450903 0.476135
702.52 74.428
1.69406 0.306504 0.505867
484.507 425.74
1.86611 0.349921 0.391792
588.942 452.64
0.732378 0.0242897 1.09426
102.907 314.526
0.545003 0.144612 0.825944
-15.195 384.797
0.687253 -0.160794 1.08511
77.6708 257.15
0.997117 0.24615 0.603446
159.638 432.864
2.22848 -0.171045 0.69197
617.205 202.86
2.17196 -0.107791 0.639319
613.471 224.6
0.667038 0.0227458 1.10708
82.8536 312.604
2.27129 -0.558512 0.413845
716.644 16.7512
2.29008 -0.523792 0.423586
712.718 37.4777
1.19375 0.24055 0.638626
252.979 411.374
1.25209 0.231667 0.660601
280.153 401.824
1.18569 0.27036 0.570522
248.667 440.32
0.848302 0.210695 0.681837
97.3378 415.442
0.884227 0.25878 0.552024
94.7214 459.172
1.13518 0.225891 0.681961
228.866 401.461
1.13316 0.25805 0.583441
224.265 430.276
0.826758 -0.270033 1.06037
123.464 216.548
2.25916 0.114526 0.735196
626.998 297.846
2.36196 0.238586 0.789407
642.187 334.58
1.84263 -0.139732 0.582663
514.435 220.635
0.680298 0.199986 0.790388
41.4094 406.526
1.38748 0.288351 0.551886
342.258 433.881
0.444483 -0.351082 1.11969
-10.6229 204.422
0.875101 -0.719239 0.843543
98.2475 35.2901
0.893566 -0.568946 0.933913
126.12 104.313
0.87537 0.0335997 1.05548
149.682 313.153
1.22927 -0.146027 0.577429
257.433 240.404
2.52404 -0.292622 0.462519
794.026 134.962
2.23963 0.142371 0.816415
601.9 307.005
0.829944 -0.140609 1.05882
128.001 255.543
0.856991 -0.0814375 1.05333
140.613 277.696
0.788866 0.237531 0.613989
54.0647 441.979
0.775634 0.249001 0.565996
35.1773 460.902
0.839658 0.253995 0.544036
66.0779 461.685
0.662528 0.168766 0.76768
23.0347 396.254
0.416135 0.00222595 1.15533
-1.57962 315.188
0.446802 0.068335 0.994055
-21.7934 346.667
0.794219 0.0305467 1.07047
121.249 314.228
0.851783 0.0270166 1.06335
141.974 315.684
0.693182 -0.186459 1.08105
81.7134 246.543
0.679172 -0.0991012 1.09445
81.3894 276.484
1.34257 0.277566 0.619299
319.448 419.656
1.30906 0.275584 0.561725
308.286 429.381
1.33794 0.292226 0.5128
325.499 443.309
0.554196 0.128187 0.852904
-11.2924 376.607
0.636125 0.171527 0.766552
12.6355 400.002
2.2458 -0.107294 0.72065
619.322 224.061
0.651338 0.115536 0.910973
46.853 356.356
1.12371 0.229374 0.675135
224.031 405.021
1.19198 0.241088 0.642283
253.478 410.411
1.25299 0.232046 0.6481
280.578 402.269
2.26833 -0.336301 0.529622
676.173 127.553
1.04726 0.260656 0.561855
182.862 442.081
1.4293 0.276344 0.562713
362.703 421.45
1.39072 0.293142 0.540519
347.458 435.729
1.69839 -0.178722 0.296465
517.089 197.384
2.09808 -0.177925 0.817475
554.216 205.304
2.07988 -0.158598 0.829813
546.902 214.161
2.25405 0.198179 0.719722
629.753 331.095
2.29751 0.218221 0.71713
643.689 331.85
1.22225 -0.527408 0.511319
235.416 52.5646
1.67421 0.286621 0.463053
488.119 424.993
0.892184 -0.440868 0.984157
135.234 152.082
2.36967 0.119819 0.853668
630.683 294.305
0.427297 -0.456633 1.0655
-31.1162 165.699
2.20503 -0.179477 0.923261
563.804 207.295
0.890598 -0.806201 0.808469
96.251 -6.75699
0.844728 0.211772 0.690209
97.875 413.375
0.894091 -0.164199 1.00964
149.307 247.001
1.26251 0.205663 0.629454
282.016 392.302
1.07347 0.0296956 1.04024
217.967 304.24
2.52644 -0.286131 0.461853
792.539 136.852
2.27607 -0.455521 0.504838
684.569 74.4414
2.1074 -0.333267 0.366723
674.453 111.623
2.22236 0.412557 0.270455
800.362 483.893
2.10668 0.272251 0.611094
613.93 372.687
2.52169 0.229871 0.661631
727.111 332.454
2.49443 0.138679 1.00071
631.53 292.425
2.25205 0.198557 0.713228
628.936 332.6
0.805221 -0.17331 1.05731
119.263 248.842
0.650311 0.135419 0.857014
35.5607 373.838
0.734907 0.0276011 1.09627
104.146 315.318
0.856728 -0.0251372 1.05567
142.248 296.978
0.741866 0.220096 0.631201
34.6387 436.229
0.790413 0.23675 0.611216
54.1508 444.624
0.834514 0.260197 0.558906
66.3624 462.996
0.936079 0.248523 0.600214
129.063 439.35
0.869968 0.282663 0.523008
78.1627 481.703
0.941337 0.262632 0.574686
127.7 450.216
1.16344 0.291465 0.5262
239.174 458.162
1.23393 0.295807 0.501246
271.819 458.116
1.70047 -0.179212 0.298662
516.3 198.839
2.10106 -0.174866 0.801391
554.972 207.111
2.06503 -0.107107 0.763135
554.58 232.544
0.49537 0.134192 0.82997
-39.5393 383.353
0.541906 0.146136 0.826754
-19.254 387.839
0.573029 0.199332 0.683666
-43.7112 428.813
0.641863 0.169966 0.759022
10.1187 402.025
0.497014 0.093169 0.950797
-9.43581 356.75
1.38525 0.283321 0.563012
342.817 429.439
1.42919 0.274983 0.556668
364.499 423.399
1.38893 0.291229 0.531647
346.334 439.336
1.25587 0.287918 0.524931
283.628 447.201
2.10865 -0.189067 0.77997
561.03 205.158
1.06826 0.253086 0.591745
193.338 434.917
0.696945 -0.183137 1.08007
82.6664 248.844
0.684969 -0.0725982 1.09276
84.477 285.262
0.991173 0.253011 0.621788
160.213 433.888
0.372642 -0.32584 1.26363
-6.73484 214.015
2.24837 -0.56444 0.386187
711.917 9.12615
0.613629 0.245371 0.582447
-50.7761 467.194
2.24119 -0.103208 0.708965
619.728 226.311
0.897141 -0.664101 0.8946
118.426 63.4887
0.843932 -0.338968 1.03869
124.733 192.673
0.838107 -0.267484 1.05929
127.626 215.283
0.449335 -0.91391 0.944609
-66.8982 -20.911
0.893235 -0.517772 0.955921
128.523 124.291
0.853331 0.0468631 1.06401
142.898 317.213
1.12234 0.231367 0.665223
223.382 408.26
1.19144 0.241185 0.639632
253.507 409.825
1.07621 0.0316072 1.04402
218.284 304.233
2.6565 -0.570559 0.449743
829.696 17.9511
2.28899 -0.44422 0.467046
702.751 72.8487
1.69542 0.306852 0.502491
488.086 426.653
2.22431 0.413651 0.276101
799.525 482.151
2.1128 0.273618 0.612214
615.084 373.106
1.92067 0.389008 0.315227
643.079 486.144
1.689 -0.00401534 -0.0857905
727.58 332.484
2.11222 -0.185454 0.828263
554.646 206.814
0.719692 0.194969 0.71204
37.9601 412.104
0.758552 0.0162291 1.08047
110.345 312.189
0.937323 0.247156 0.599052
129.151 438.632
0.486952 0.0450855 1.00836
-2.72924 333.106
0.448605 0.111793 0.888864
-46.4603 370.442
0.498602 0.136004 0.843809
-35.3364 382.192
0.736948 0.225332 0.645141
34.4956 434.401
0.817857 0.270479 0.533258
51.4909 475.184
1.16537 0.288503 0.518474
238.015 456.154
1.06922 0.25396 0.596722
193.428 433.882
1.13624 0.257362 0.590042
226.86 429.583
1.07501 0.288128 0.572059
196.846 452.631
2.3209 -0.287696 0.676867
648.597 160.725
1.29995 0.281558 0.538591
305 437.252
1.3394 0.280058 0.551305
323.43 431.757
1.25358 0.285977 0.524184
284.594 446.476
0.99494 0.290909 0.502838
146.605 476.297
1.0268 0.294776 0.489887
162.98 476.074
1.8208 0.367479 0.357916
581.946 473.684
1.89759 0.372172 0.356111
617.097 470.946
0.553524 0.0767542 1.00416
24.1033 343.364
0.673618 -0.0414866 1.10214
80.1451 295.67
0.856936 -0.0146479 1.05367
141.894 296.988
2.27264 -0.172933 0.748432
617.693 203.753
2.2778 -0.212067 0.590304
663.285 181.213
2.26539 -0.109198 0.739957
618.997 225.695
1.99691 0.12175 0.887361
516.179 307.237
0.852552 -0.833772 0.827756
83.0222 -12.588
0.863013 -0.69679 0.884594
101.332 51.0193
2.34592 -0.0515663 0.715541
651.317 242.778
0.460044 -0.152261 1.15328
10.2977 264.334
0.370489 -0.0355901 1.25128
-2.82954 302.048
0.418928 -0.397217 1.03184
-38.3584 180.728
0.851806 -0.342353 1.03538
127.173 189.927
0.844752 -0.267 1.06214
130.716 216.07
0.391626 -0.114476 1.04217
-38.0437 281.848
1.14088 0.224082 0.67874
232.929 400.385
1.19592 0.24154 0.634607
256.045 411.323
2.3908 -0.272018 0.489775
734.286 148.345
2.53429 -0.531484 0.366346
830.192 17.545
2.11585 -0.388758 0.298718
706.171 72.405
1.83963 0.306905 0.517892
543.261 414.083
2.11582 0.282496 0.694246
597.61 368.815
2.52053 0.229099 0.658991
728.831 333.428
0.695467 -0.17523 1.08345
82.4002 251.027
0.689917 -0.120155 1.09054
83.8661 269.648
0.640327 0.136856 0.915063
43.2988 367.895
2.13959 -0.115888 0.753639
578.525 226.739
2.23585 -0.103275 0.775215
601.948 227.739
1.19193 0.268608 0.569999
253.511 434.876
1.24232 0.276742 0.56395
276.986 436.428
1.20283 0.284309 0.537886
258.101 447.319
0.728599 0.108984 0.927219
82.9108 352.103
0.817428 0.125044 0.89843
114.828 355.392
1.39102 0.292217 0.529717
348.321 437.149
1.43245 0.276589 0.560647
365.948 423.344
1.40664 0.318576 0.438087
362.079 469.748
0.474823 0.0440952 1.03074
-2.40879 333.954
0.564022 0.118881 0.891295
3.76656 368.519
2.00742 -0.12375 0.69157
551.836 225.777
0.868445 0.28357 0.454853
62.9549 496.329
1.04237 0.252867 0.594721
180.846 434.72
1.02532 0.295294 0.491874
162.83 479.79
1.34768 0.270467 0.573919
324.6 423.79
1.25509 0.285913 0.52028
284.297 447.34
1.33588 0.294639 0.50951
324.11 447.345
1.13842 0.257186 0.591542
228.488 429.47
0.739082 0.225551 0.647118
33.9112 435.712
0.800153 0.276138 0.522936
38.5203 482.463
2.26552 -0.306073 0.521573
679.315 139.727
2.31518 -0.27902 0.670276
650.214 161.176
1.89523 0.370488 0.356897
618.314 470.495
0.868029 -0.127082 1.04525
141.426 261.207
0.863861 -0.0712212 1.05352
142.645 279.174
0.893633 -0.663842 0.900527
116.445 65.3787
0.890268 -0.614944 0.918059
118.883 85.9526
0.396522 -0.366359 1.19193
-11.8972 198.263
0.399136 -0.345331 1.20048
-9.43905 206.961
0.875833 -0.854832 0.842304
94.0173 -17.6903
0.865773 -0.721143 0.885582
100.194 40.8363
0.539933 -0.366603 1.09491
20.9853 192.504
0.610806 0.246821 0.597672
-48.9082 467.044
1.98458 0.121307 0.867154
517.517 308.02
2.06945 0.129805 0.847864
545.76 308.745
0.843163 0.0508796 1.10552
144.339 317.94
2.13202 0.138229 0.833451
566.645 309.36
2.21733 0.148208 0.814023
595.625 310.323
2.26164 -0.0392686 0.622997
653.613 248.364
2.26594 0.0950879 0.673029
643.077 296.115
2.02551 0.345868 0.403785
654.657 437.212
1.93668 0.395184 0.298485
660.558 494.474
2.20461 0.41538 0.259799
797.635 487.588
0.846463 0.211235 0.69271
97.9326 412.904
2.27134 -0.171626 0.561306
670.02 195.634
2.2707 -0.557115 0.411499
714.709 14.1803
0.903913 -0.492765 0.970112
135.713 134.592
0.996731 -0.368899 0.983898
174.33 176.057
2.65224 0.247904 0.624964
780.367 336.852
2.25274 0.203054 0.722556
628.96 332.978
2.52889 -0.381685 0.425466
806.58 92.6722
0.443425 -0.921613 0.958272
-67.4083 -20.9933
2.29009 -0.461414 0.510029
685.627 75.0314
0.884395 -0.319964 1.02926
139.347 196.408
1.26339 0.209659 0.648492
282.915 393.29
1.11939 0.234783 0.664848
222.427 408.456
2.39145 -0.271455 0.490333
733.217 149.156
2.1445 -0.500478 0.300074
712.317 15.1282
2.2848 -0.460142 0.508219
684.979 75.3635
2.11522 0.273376 0.614121
617.964 373.972
2.20009 0.283141 0.587359
652.878 373.344
0.614702 0.147587 0.826735
12.5349 383.44
0.721188 0.214871 0.662717
27.8283 429.355
0.756875 0.211925 0.665075
48.4939 424.14
1.0535 0.293266 0.507048
179.886 470.639
0.922574 0.244642 0.619398
123.736 434.837
0.983984 0.291173 0.50396
141.522 477.897
1.22821 0.294513 0.501608
270.496 458.075
0.910134 0.301175 0.464199
91.3003 498.672
1.33454 0.277519 0.543152
321.896 432.527
1.26948 0.299723 0.504062
291.251 457.018
2.09735 -0.174623 0.792291
554.919 207.019
1.99286 -0.13144 0.776016
528.589 225.186
0.382592 0.0818208 0.980068
-53.845 355.8
0.499561 0.093847 0.953421
-7.06641 356.937
0.50044 0.0535347 1.05092
11.5016 334.965
0.577523 0.105015 0.910788
17.0039 359.804
2.25767 -0.167812 0.720363
619.439 205.497
0.842454 -0.0309264 1.06349
135.892 293.09
2.25987 -0.303514 0.514644
678.383 140.271
2.32151 -0.287351 0.67579
649.694 160.751
2.15477 0.142458 0.829879
574.276 310.674
1.87808 0.354923 0.394798
595.843 455.36
0.757466 0.238489 0.614739
37.4012 446.061
0.820062 0.272827 0.534855
53.2156 476.565
0.86785 -0.708736 0.888876
104.205 45.9461
1.07391 -0.211817 1.01313
207.599 227.275
2.04971 0.131912 0.860258
538.29 309.595
2.06965 0.13361 0.849194
545.107 309.784
0.829403 0.0263161 1.10153
137.761 310.363
2.03785 0.352316 0.417157
655.309 437.799
1.14106 -0.39304 0.908143
221.466 159.619
0.873116 -0.853278 0.843029
95.6664 -16.2904
0.609924 0.249667 0.578873
-56.5565 472.345
0.608978 0.246751 0.600779
-50.3428 467.26
0.904396 0.2251 0.659253
121.528 420.506
0.889572 -0.537422 0.946725
125.62 116.78
0.879006 -0.434779 0.990676
129.863 155.484
2.26101 -0.0384469 0.617749
653.337 249.03
1.13971 0.139226 0.883231
236.412 347.463
0.448096 -0.222718 1.15807
2.42884 243.165
0.390551 -0.111009 1.04998
-37.3808 283.047
2.5285 -0.28363 0.463504
791.5 138.243
1.25286 0.239385 0.657857
280.412 404.434
0.46326 -0.153445 1.15217
10.4279 264.239
2.2718 0.213572 0.719598
635.953 334.262
2.37851 0.219627 0.690074
676.372 334.351
2.65649 0.250984 0.628002
780.081 337.581
2.83776 0.276936 0.630753
830.122 338.374
2.5975 0.300787 0.533943
803.067 364.685
