2829
1.39559 -0.0554771 4.46774
0.389239 -0.309849 5.47943
-1.81786 -1.06529 3.76354
-1.13185 0.0234361 4.32777
-0.805803 -0.0240883 4.52821
-0.941391 -1.22566 4.43068
5.70435 -0.469588 6.58416
2.91295 -0.977378 4.99093
5.09428 -2.55983 7.00186
1.92601 0.076238 4.66684
-0.916029 -0.456508 4.54705
-0.681974 -0.43877 4.57862
-0.849242 -0.260526 4.49242
-1.20755 -0.480331 4.28884
-1.17842 -0.345753 4.29406
-1.15925 -0.168033 4.31429
-0.920739 -0.992703 4.51029
-0.71744 -0.987773 4.59751
-0.963028 -0.68213 4.40174
-0.706136 -0.617206 4.55744
4.21845 -3.2898 6.27274
0.383046 -3.10713 4.59295
4.06612 -2.53879 6.26682
3.44885 0.0360825 4.76329
0.39722 -0.306991 5.50288
-1.80159 -1.60091 3.65448
1.28488 -2.35306 3.5441
4.25041 -3.31745 6.32377
2.6736 -0.0799573 5.05298
-0.737366 -1.60012 4.43252
5.0356 -0.999291 7.5517
-1.83434 -0.620118 3.97324
-1.04085 -0.516099 4.53069
-0.957864 -0.131625 4.36112
-0.959433 -0.683438 4.41157
-1.19948 -0.528701 4.2735
-0.676741 -0.432327 4.58122
-0.643347 -0.0653807 4.61326
1.93461 0.0732396 4.63604
1.86438 0.155978 4.5124
1.98425 0.153136 4.37238
-1.12203 -0.659 4.306
4.13605 0.00012009 4.9133
3.40635 -3.63596 5.48269
5.14156 -3.38659 6.32496
5.04867 -3.38816 6.69802
1.18102 -0.0709257 4.44788
0.980731 0.172091 4.3105
3.4395 0.0423475 4.76536
3.69576 -0.0425484 5.0674
1.37972 -0.0365634 4.46198
1.49523 0.138051 4.38524
1.64902 0.0797266 4.40736
0.292383 -1.57143 4.96278
-1.1389 0.0301155 4.33037
3.05189 0.145896 4.58247
-0.904829 -1.22391 4.44147
-1.95076 -1.28321 3.59496
2.69068 -0.0978816 5.02765
1.3056 -2.35879 3.57587
-0.738418 -2.81599 3.92353
2.7664 -0.974244 4.68158
-0.774739 -2.4173 3.99043
-0.718857 -1.60391 4.4249
4.22813 -2.54226 6.54351
0.331535 -1.4161 4.973
-1.06245 -0.181558 4.36377
2.99493 0.277971 4.17505
3.40117 0.263831 4.18455
-0.950507 -0.567108 4.41951
-0.65752 -0.252155 4.59615
-1.84571 -0.621676 3.93412
3.85907 -3.34176 6.39948
1.94765 0.069793 4.65867
2.06267 0.170978 4.41321
-1.49089 0.271796 3.81409
1.37027 -0.021625 4.45557
4.79475 -3.44759 6.4694
5.17889 -3.79594 6.37536
4.94569 -3.28305 6.55229
1.20701 0.160287 4.33557
-0.746924 -1.74441 4.38237
-0.712151 -2.93307 3.93829
0.314504 -1.54737 5.08938
-1.74081 0.141885 3.8486
-0.890354 -1.22434 4.44733
0.395432 -0.304597 5.48145
0.305379 -0.92534 5.1873
3.07702 -4.11584 5.6876
5.07261 -2.57341 6.99467
2.69001 -0.0929103 5.04173
2.1903 0.230446 4.22239
3.36992 0.255058 4.14253
-0.883258 -0.994772 4.51352
3.68198 -0.04708 5.04799
3.45615 0.0314294 4.81531
1.91868 0.152086 4.47334
2.07182 0.170271 4.40928
-0.631776 -0.0531357 4.63327
-0.744176 -2.89226 3.87184
-0.782386 -2.51009 3.95653
-0.729416 -2.54259 4.14433
-1.28382 0.294965 3.70447
3.07121 0.129448 4.56616
-1.18537 -0.33875 4.28449
-1.1647 -0.178778 4.29895
0.290845 -2.73854 4.67115
0.973746 0.174438 4.31193
1.20833 0.167408 4.34481
4.77586 -0.0164279 5.1455
4.98925 0.105827 4.74201
-0.687745 -0.759789 4.55801
-1.91593 -1.31075 3.51166
-1.99938 -1.09321 3.54549
5.61706 -0.474972 6.31444
5.88497 -0.416485 6.25769
0.337637 -1.54412 5.05123
-1.9399 -1.59137 3.74779
0.398898 -3.09613 4.58752
0.448738 -3.05267 4.62343
-1.78445 -0.176897 3.58481
-1.96155 0.365482 3.4822
-1.72263 -1.0615 3.95839
-1.88689 -0.940786 3.53599
-1.85626 -0.628533 3.92099
5.13877 -2.40323 6.9576
5.47541 -2.01087 6.23818
4.23369 -2.53456 6.55775
4.83159 -3.98447 6.2938
4.57372 -4.66203 6.71289
3.36463 -0.0813955 5.16302
5.41384 -1.54704 6.44859
-1.08766 -0.457077 4.33545
3.10782 0.293161 4.10006
-0.77362 -0.723222 4.48326
-1.03533 -0.63019 4.37008
4.05192 -0.0516361 5.14038
3.93915 0.0160247 4.94865
1.75122 0.280731 4.02649
2.09389 0.215863 4.25085
4.26791 -0.0399465 5.10864
4.11073 0.00376252 4.94842
-0.669799 -0.131193 4.60052
3.08147 0.132517 4.58549
1.78192 0.133082 4.43409
1.37854 0.236768 4.1739
1.63148 0.255897 4.1003
-1.49685 0.268385 3.82031
-0.684695 -0.590934 4.60507
4.77001 0.265849 4.40401
-1.92207 -1.27789 3.51969
-2.09679 -1.08849 3.58075
-1.92698 -1.10274 3.63405
1.20386 0.166172 4.32304
-0.65679 0.291261 3.83883
4.78783 -0.938225 7.21196
5.11107 -1.05238 7.44517
5.16507 -3.93327 6.17018
5.16807 -3.39519 6.38029
-0.726486 -2.31885 4.14942
-0.725811 -2.21797 4.19124
-1.86186 -0.316763 3.994
5.53626 -1.19788 6.37937
5.72612 -1.54739 5.89151
5.70121 -1.03517 6.1686
-1.20362 -0.52344 4.2724
2.25886 0.251703 4.15746
-0.783668 -2.89506 3.91899
-0.709558 -2.92543 3.94426
-0.969505 -2.83402 3.76692
2.70237 -0.0729915 5.04051
1.36334 -0.000535126 4.45539
4.49567 -0.204147 5.59267
5.6265 -0.468652 6.28514
2.76827 -0.982909 4.71331
2.75896 -0.963912 4.69431
-1.16675 -0.139716 4.31075
-1.15941 -0.462616 4.30896
-0.887943 -0.651269 4.48178
3.22606 0.16171 4.45333
-0.683445 -0.317577 4.57963
1.89568 0.296875 4.02107
2.08771 0.204365 4.14576
3.64945 0.00736339 4.9346
3.94982 0.0219365 4.95629
-1.16216 0.339538 3.62933
-0.76753 -0.531325 4.50763
2.95507 0.328237 4.0098
4.43598 0.00836099 5.00208
3.51401 -0.0540734 5.14676
3.08227 0.124551 4.57103
-0.904216 0.309832 3.71425
-0.603247 0.304826 3.78864
1.77535 0.13817 4.42605
1.36875 0.223792 4.15728
3.44872 -3.31719 5.66257
3.59566 -3.14391 6.10381
3.51239 -3.18134 5.71826
-0.798362 -2.40793 4.05588
5.49603 -0.0616463 5.30531
5.19941 -3.96505 6.22501
4.81453 -3.98032 6.25603
4.79125 -3.43412 6.43134
2.26376 0.255752 4.1577
2.38638 0.335571 3.97431
-2.08258 -1.07909 3.57814
0.443754 -3.04115 4.63129
1.29036 -2.35995 3.58951
5.77874 -1.30604 5.90389
5.67396 -1.03334 6.1278
5.9359 -1.09046 5.85738
0.344209 -1.41963 5.08112
-1.77045 -1.28647 3.76269
0.327128 -0.923182 5.2001
0.392988 -0.306398 5.44995
-0.734901 -1.8449 4.31307
-0.749293 -1.45945 4.44065
-1.97798 0.416258 3.34631
5.06205 -2.58456 6.97427
-1.83245 -0.692281 3.54063
-0.914779 -0.0735718 4.51192
-0.621482 -0.0994035 4.62444
1.93927 0.14423 4.47632
2.07914 0.236197 4.21701
3.19006 0.359379 3.95649
3.3202 0.37246 3.83272
-1.37947 0.248504 3.85166
-0.770805 0.198089 4.04075
-0.901935 0.317589 3.71606
-0.573579 0.326603 3.72086
-0.809851 -2.82615 3.82309
-0.815073 -2.94134 3.98713
-0.7971 -2.70432 3.92183
5.24017 -0.0772577 5.26544
-0.763756 -2.50076 3.95105
-0.734398 -2.10366 4.22943
1.03547 0.194188 4.26866
1.2077 0.171283 4.35629
2.38979 0.335329 3.95395
-1.91971 -1.08801 3.62888
5.19999 -3.94401 6.18729
5.1905 -3.40305 6.40945
1.3066 -2.34914 3.54785
0.95875 0.171324 4.3031
0.96642 0.306835 3.9039
-0.745461 -1.5911 4.40314
5.89807 -0.376367 6.10898
5.72922 -1.5486 5.88126
-1.666 0.376249 3.54535
5.02499 -0.975504 7.5453
3.5269 -3.70252 5.68282
0.346513 -1.59594 5.00277
4.81824 -3.9828 6.26574
-0.859881 -0.993418 4.52605
-1.71636 -1.06221 3.95271
5.71159 -2.26303 5.89646
5.79768 -1.87496 5.71307
0.396949 -0.306054 5.46793
-1.22955 -1.38514 4.15447
-1.96791 0.366289 3.51086
0.34716 -1.17469 5.15799
5.38039 -1.83114 6.42711
1.94944 0.0641516 4.62916
-0.647558 -0.39631 4.60665
-0.719801 -0.168734 4.56782
-1.60068 -2.74311 3.45323
-1.10837 -0.106782 4.33202
-0.865943 -0.0498061 4.48987
-0.849028 -0.699164 4.45295
-0.616643 -0.100786 4.62398
-0.599481 -0.0208321 4.64574
3.74629 -0.0408626 5.05893
-0.74587 -0.716306 4.53208
2.97437 0.170121 4.45376
3.23219 0.16938 4.46817
3.09982 0.274266 4.02609
-1.28203 0.263181 3.78423
-1.02207 0.337054 3.67621
3.34209 -0.0165232 4.97703
3.20851 0.091691 4.63512
4.10936 0.0109047 4.97358
5.0465 -0.0701961 5.29937
1.38475 0.219226 4.14804
-0.57108 0.325774 3.71577
1.04 0.192621 4.26295
1.21576 0.162033 4.32118
-0.726704 -2.20724 4.18038
5.9538 -1.46001 5.66433
0.425469 -3.088 4.5419
0.261044 -2.77981 4.61118
2.26541 0.254488 4.15525
-2.08036 -1.06732 3.5644
5.00534 -0.524754 6.47019
0.399754 -2.53988 4.66608
0.36023 -1.42512 5.09222
-0.732357 -1.84561 4.31248
-0.780642 -1.57449 4.40588
-0.756304 -1.20077 4.52393
-1.67306 0.407507 3.35028
-1.48538 0.39923 3.44149
5.02196 -0.965027 7.5551
5.05688 -0.91349 7.36216
-1.98047 -1.52866 3.3423
-1.81733 -0.335103 3.94595
-0.852178 -0.997473 4.52066
4.82946 -3.47184 6.46552
-1.15798 -2.80924 3.68196
5.47252 -2.00869 6.23874
5.37651 -1.82571 6.4152
5.53071 -1.19659 6.37796
-1.98051 0.285401 3.51233
-1.9823 0.421546 3.34155
3.51411 -2.34406 6.07866
3.8796 -2.36246 6.32862
-0.691401 -2.04952 4.24547
-1.23642 -0.659514 4.2611
5.62665 -1.79774 5.99354
2.70079 -0.106923 5.02969
-0.226187 -1.69498 4.657
-0.846528 -0.608102 4.48044
-0.893496 -0.324333 4.45488
-1.12367 -0.599007 4.30467
-1.20444 -0.488702 4.28408
-1.07139 -0.480093 4.3469
5.25157 0.293239 4.13718
7.20912 -1.61883 3.28624
6.78286 -1.03378 4.18565
4.98391 -0.993268 7.22286
3.53744 -0.724966 6.61797
1.41044 -0.0671354 4.48489
5.20107 1.05403 1.66533
5.2214 1.29742 0.730001
5.46508 0.390078 4.26164
6.89934 -1.85148 3.89584
6.79281 -1.0073 4.15866
3.57218 -0.76215 6.97227
-2.11432 -1.08946 3.60109
5.08429 -1.04824 7.68881
5.22479 1.07579 1.52732
5.41019 1.27263 1.08406
5.22543 0.251256 4.31856
6.73107 -0.548608 4.3628
4.91364 0.891853 2.18607
-2.02141 -1.4685 3.34345
5.83035 -2.17634 5.52704
6.45641 -2.20984 4.41274
6.08754 -0.604845 5.58988
6.83501 -1.33729 4.04739
-0.949817 -1.00572 4.44394
5.14 1.05431 1.54808
4.9485 1.70249 0.264773
4.82139 0.871084 2.03751
6.86738 -1.85832 3.86384
7.60351 -1.12651 2.73879
3.44223 -2.49626 6.11754
-2.02484 -1.45291 3.28456
5.87673 -2.14949 5.56213
6.07925 -1.63115 5.36552
7.04812 0.191545 4.22459
0.384458 -1.43389 4.26823
0.979922 0.0868645 0.674621
4.23825 1.48643 0.935354
5.38947 -0.495891 5.89618
5.01371 0.0936762 4.90606
4.98041 0.223656 4.56026
-2.81967 -0.99692 3.25022
5.07009 -0.999727 7.61865
6.76959 -0.531509 4.41186
7.28869 -1.96726 3.07898
7.22909 -0.815399 3.57428
6.46431 -2.56547 4.30075
6.06167 -1.62467 5.34171
5.09955 1.37702 1.20407
5.72602 1.42492 1.03324
4.48647 1.41365 0.79371
3.2121 0.264758 4.07127
3.62527 0.104641 4.54642
5.62652 -0.487579 6.41552
4.99749 0.097956 4.80067
4.0665 0.592541 3.2916
4.90379 0.379429 3.98887
4.06043 1.46307 0.921151
5.1836 0.436512 3.78948
3.43692 -2.54077 6.21144
3.69074 1.66164 0.179378
4.89613 1.43898 1.13157
4.69671 1.70806 0.365624
-0.674682 0.236545 0.0782413
-2.81997 -0.990205 3.25292
5.87431 -2.11827 5.53318
3.00229 -1.85114 6.3106
3.16803 -1.67325 6.6533
3.4704 -0.745698 6.66219
5.38246 -0.0845089 0.891758
5.65232 0.46081 0.687815
7.24116 -1.64038 3.27211
7.27274 -2.47744 2.98589
6.47013 -2.22219 4.4306
6.43095 -1.19764 4.77008
5.08967 1.36766 1.20199
4.51648 1.4303 0.80543
3.3709 -0.0635914 5.19156
3.20707 0.270355 4.0621
3.64422 -0.00800759 4.88536
4.07046 0.590268 3.28704
6.67313 -0.540678 5.02341
5.18117 0.42929 3.78317
4.78396 0.895851 2.44782
5.90507 -0.374233 6.06408
5.21713 0.250239 4.31617
3.53992 1.4309 1.01833
3.19165 1.51285 0.664392
4.42364 0.61177 3.44526
4.90226 0.375146 3.95837
3.51 -2.3493 6.12876
4.2557 0.00726025 5.25927
4.34693 0.000453066 4.97148
0.280886 -1.27373 5.09508
4.85608 1.42152 1.06452
4.69321 1.70485 0.366166
0.402534 -0.300841 5.50285
0.0131968 -1.36805 4.89628
4.41245 -0.00199501 5.00096
2.98631 0.150693 4.41873
5.88449 -2.10538 5.53158
3.11104 -1.90727 6.71569
5.64157 0.469742 0.68782
7.30488 -0.933689 3.38054
6.39343 -1.21267 4.81684
6.76516 -1.24738 4.21866
7.08087 -0.206274 4.01913
3.46327 -0.723134 6.70222
3.88642 0.603987 3.37297
7.55921 -0.512246 2.84152
5.97671 -0.158113 1.06532
6.11863 -2.40054 5.09534
4.24572 1.49242 0.942535
4.51271 1.43324 0.792042
3.86452 1.49302 0.79402
4.03295 1.45215 0.882501
5.32605 0.401848 3.85849
4.42026 0.921336 2.41609
4.74104 0.242093 4.3588
5.22165 0.258435 4.32844
6.10876 -0.601973 5.60672
6.43606 -0.401927 5.07336
5.97569 -1.45769 5.66127
6.83977 -0.0791886 4.42827
3.19706 1.53021 0.726653
3.367 1.65394 0.466448
-2.56513 -1.03764 3.45506
3.03176 1.60706 0.433429
6.84889 -2.40437 3.63045
6.47684 -2.24346 4.42737
5.78962 1.57465 0.653187
4.9258 1.70066 0.26394
5.28323 1.76047 0.237583
-3.15837 -0.939136 3.09701
-3.09831 -1.67288 2.90946
1.35982 -0.0146814 4.44238
1.79522 0.135225 4.44735
3.94847 0.0149014 4.93509
7.05994 0.227981 4.18058
5.11807 1.38647 1.18354
6.78634 -0.502434 4.43348
3.53879 0.48892 3.54098
4.10445 0.592924 3.30297
3.58494 -0.708524 6.76705
-0.757437 -0.586508 4.34019
4.27401 1.51341 0.989732
3.99477 1.70821 0.329035
4.76439 0.257676 4.37047
5.20889 0.25626 4.31901
6.11125 -0.599033 5.60622
6.47204 -0.331598 5.12701
5.35824 0.285181 4.2927
7.62162 -1.54822 2.57866
7.46821 -1.05378 3.00249
4.05279 1.46937 0.930734
3.54794 1.6655 0.387237
7.16248 -1.51594 3.47295
7.20744 -1.62487 3.35414
7.30045 -0.922163 3.36479
5.34968 0.411852 3.89617
4.93293 0.900524 2.49275
7.27823 -1.94793 3.06326
5.54173 -1.1961 6.38627
3.02533 1.60624 0.42555
4.39426 0.583841 3.3319
6.52507 -2.69012 4.17124
6.84716 -1.33072 4.05217
3.58882 0.999117 2.16004
3.35894 1.64586 0.436121
-2.71039 -2.36971 3.99449
0.266605 -1.22669 4.35497
-1.92539 -1.12217 3.58139
-1.79716 -2.74957 3.25239
-0.868164 -0.675734 4.52877
-2.10469 -1.0963 3.61919
-2.43374 -1.0566 3.41727
1.29471 -2.32735 3.60822
-0.72276 -2.93616 3.96301
4.16736 -2.55894 6.46575
-0.80521 -0.712344 4.50868
-1.06388 -0.367064 4.23168
-0.96563 0.000675717 4.43512
-0.587635 -0.450455 4.60159
-2.49247 -1.33086 3.21111
-2.32458 -1.06401 3.57827
0.347692 -2.57107 4.73245
3.88816 -2.37802 6.04317
-0.82353 -2.49894 3.99162
-2.58011 -1.02821 3.37321
3.14999 -0.9507 5.42711
-0.680465 -2.7089 4.01888
-2.43862 -1.03442 3.3363
0.23231 -0.95696 5.15344
2.66991 -0.0741508 5.03252
3.83645 -0.729814 6.70654
-1.10578 -0.54247 4.32468
-0.918634 -2.73063 3.94012
-1.96904 -2.27899 3.06825
-0.734822 -1.21872 4.54003
-0.613507 -0.0288092 4.74058
0.364042 -2.66909 4.67624
-1.20684 -0.548969 4.2276
-1.24019 -0.661605 4.27303
4.44264 -1.11346 6.42285
-0.726446 -0.30167 4.66495
4.5023 -0.193694 5.60976
-1.14667 -0.00521058 4.31192
-1.10813 -0.669631 4.32009
-0.729101 -0.686711 4.54998
1.73035 0.0996683 4.52733
-1.89241 -2.39739 3.03212
-0.823353 -2.94158 3.98551
-2.20031 -1.07656 3.54627
-1.88532 -1.27104 3.52614
5.18943 -2.44721 6.76644
-1.82341 -2.63432 3.16516
-0.962095 -0.643063 4.36183
-1.14086 0.0559338 4.32153
-1.0344 -0.0164541 4.38226
-0.811124 -0.657943 4.52194
-0.890169 -2.83645 3.79855
-1.84738 -2.35168 3.30952
-2.0241 -1.50078 3.43711
-0.813181 -0.00414956 4.49749
0.42044 -2.96869 4.60526
-2.81011 -0.976838 3.23399
0.377379 -2.58748 4.71399
4.24264 -3.29412 6.24597
-0.867267 -1.23903 4.46127
-1.16753 -0.549952 4.30816
-0.674747 -0.586317 4.57023
-0.733011 -0.260002 4.53005
-1.13983 -0.281131 4.30586
-1.1735 -0.181961 4.30009
3.87417 -0.671399 6.77173
-0.111802 0.11833 4.35833
5.07024 -0.864131 7.29238
1.85264 0.166983 4.34418
-0.851161 -1.10308 4.51285
-0.769759 -0.61861 4.50924
3.37352 -0.0786296 5.17818
-1.87524 -0.554328 3.88952
4.24716 -3.29675 6.24793
-1.9124 -1.23417 3.59997
-0.686051 -2.69466 4.01237
-0.851158 -1.24374 4.46005
-2.74205 -1.68295 2.94795
0.359091 -2.4486 4.76212
-2.94437 -0.966279 3.17746
-1.85456 -1.98134 3.33518
1.33223 -2.36905 3.68231
-1.66084 -2.714 3.37937
-0.721807 -0.58089 4.54653
-0.72752 -0.263107 4.51636
-0.670956 -0.122722 4.58752
-1.18795 -0.368893 4.26789
-1.06419 -0.0589433 4.37544
1.33973 -1.00423 4.05148
-1.29402 -1.07079 4.20591
1.34149 -1.92452 3.71654
1.47214 -4.07143 5.11309
-0.762785 -2.46374 4.024
-0.755778 -2.10593 4.22187
-0.746956 -1.90433 4.29191
-0.761977 -1.36959 4.47253
-1.14538 0.0664632 4.32479
-0.713959 0.273404 3.86194
1.22613 -0.0137178 4.53545
4.26797 -3.30589 6.25672
0.372182 -2.57077 4.75861
-1.44307 -2.80444 3.56684
-2.56031 -1.01314 3.3963
3.12861 -4.135 5.78481
-2.73531 -1.63137 2.96819
-1.15212 -2.80919 3.67742
5.24625 -2.53913 6.6217
-2.92106 -1.16401 3.1105
-2.9483 -0.956693 3.18445
-0.296753 -1.41423 4.74474
-0.830125 -0.0912859 4.50615
-0.913762 -0.505517 4.43359
-1.1391 -0.372831 4.32421
-1.16636 -0.127702 4.30994
-0.601449 0.310502 3.74229
-0.822212 0.384851 3.51475
-0.751832 0.422575 3.43998
-2.97721 -0.969656 3.08296
-2.94935 -1.68718 2.92656
-2.53195 -1.19937 3.49647
-1.32636 0.299124 3.8908
-2.28702 -1.77387 3.19984
-0.383375 0.526451 3.18088
0.988645 0.177023 4.29881
-2.43256 -1.05265 3.39201
-1.35648 -0.509805 4.23636
-0.747421 -1.58657 4.33025
-0.916521 -1.21776 4.44291
-2.14534 -1.7282 3.32267
-0.821593 0.305177 3.66797
-0.881216 0.456601 3.36569
0.315962 0.35078 3.7485
0.0969907 0.340375 3.27277
-1.12941 0.209741 3.56221
0.295742 -2.60765 4.79161
-2.3243 -1.05494 3.41761
-2.8194 -0.984932 3.2484
-2.56506 -1.01886 3.44159
-0.996577 -0.0158927 4.33971
-0.713646 -0.0663091 4.53677
-0.899631 0.479874 3.48419
-0.886835 0.459394 3.34155
-1.30909 0.385163 3.47869
-0.20228 0.441285 3.46776
1.91244 0.07144 4.62443
-1.4587 0.273282 3.70783
0.614002 0.30047 3.9164
0.837068 0.270521 4.03601
1.21505 0.403173 3.72808
-2.33969 -1.05181 3.4584
-1.81484 -0.993178 3.75923
-2.49439 -1.13792 3.40255
-1.96136 -1.40162 3.59459
-2.4434 -1.04261 3.47384
-3.14266 -0.927055 3.10028
0.397717 -0.305316 5.49149
-0.69703 -0.611091 4.56701
-0.706144 -0.281456 4.41384
0.300103 0.350698 3.72814
1.17999 0.387376 3.66132
0.503799 0.375078 3.69586
0.606179 0.318986 3.59473
-1.29664 0.405358 3.5342
-0.782138 0.447764 3.39742
-0.220865 0.349958 3.68851
-0.589517 0.376297 3.57276
1.90838 0.0689729 4.62182
-1.20661 0.0304336 4.29402
-1.85653 -0.813283 3.55405
-1.44058 0.281141 3.70143
-1.48986 0.390593 3.43118
-1.46243 0.377457 3.4965
-1.96112 -2.2344 3.22299
-2.25837 -1.78829 3.32142
-2.43708 -1.03921 3.49361
-1.73908 0.295711 3.6588
-2.34302 -1.04358 3.43532
0.223175 -0.947582 5.12199
-1.12584 -0.180517 4.36474
-1.12362 -0.00893269 4.32095
-0.872577 -0.0384255 4.47128
0.564558 0.472019 3.4221
0.13059 0.463184 3.42351
-0.901748 0.311278 3.71123
1.53002 0.539416 3.27131
-0.0580197 0.393518 3.50873
-0.0433044 0.441353 3.43944
1.07394 0.424931 3.59732
1.15074 0.380858 3.64652
-0.349294 0.345342 3.70436
-0.331506 0.422581 3.46401
-0.360405 0.531002 3.17763
-0.49389 0.560631 3.07948
-1.01634 0.503573 3.21427
3.56401 0.0522412 4.85922
1.83209 0.130365 4.49711
0.00354796 0.625691 3.06685
-0.700461 0.518042 3.17488
-0.756697 -1.59011 4.36708
-2.81505 -0.964092 3.24509
-3.19343 -0.914792 3.07639
0.244801 -0.940748 5.14389
-0.859633 -0.695988 4.47646
-1.13799 -0.214152 4.2582
0.655968 0.370442 3.75819
1.9014 0.423278 3.67961
1.33112 0.544264 3.2593
1.51883 0.590206 3.1987
-0.183409 0.418531 3.52186
-0.757802 0.36007 3.60369
-0.58662 0.377876 3.58406
-1.10097 0.289343 3.75683
0.322776 0.454589 3.45019
-0.873538 0.42922 3.44766
-0.435687 0.470185 3.35079
-0.219995 0.357552 3.6911
-0.501228 0.386075 3.54296
-0.312002 0.371004 3.58546
-1.13639 0.344273 3.63514
-1.41742 0.232412 3.87697
-1.31994 0.297443 3.76512
-1.39872 0.0705249 4.34307
-1.70647 0.00458517 3.76196
-2.35049 -1.0344 3.42843
-2.24152 -0.986101 3.37492
-2.50529 -1.29255 3.28991
0.309718 -1.5317 4.97805
-2.95188 -0.94936 3.18994
0.321721 0.352083 3.75339
-0.287799 -2.19377 4.42477
-1.12421 -0.605303 4.33914
-1.20633 -0.496368 4.27878
-0.938184 -0.0216601 4.48865
-1.16629 -0.645664 4.29819
-1.11754 -0.198113 4.32082
-0.663105 -0.0545263 4.50913
1.96711 0.45322 3.71365
1.507 0.578204 3.17708
1.07051 0.415975 3.58685
0.708451 0.514841 3.29353
0.961434 0.505953 3.34232
-0.531265 0.36324 3.63103
0.575292 0.469285 3.40796
-0.0486704 0.400651 3.51084
0.228386 0.456338 3.52065
-0.155866 0.439859 3.46379
-0.847017 0.266559 3.90184
-0.935539 0.342295 3.63951
-0.822927 0.449961 3.35472
-1.00942 0.501599 3.20654
-1.13751 0.345249 3.63886
-0.506957 0.460824 3.35042
-1.38784 0.243881 3.84451
-1.91859 -1.08725 3.64889
-0.732327 -2.15488 4.20041
-1.72966 0.299332 3.67204
-0.79331 -2.56611 3.96402
-1.45871 0.384305 3.50437
5.59264 -1.45115 6.20841
-1.82562 -1.53241 3.54533
-1.36237 -1.05653 4.18405
0.356665 -1.42286 5.09905
-3.07899 -1.671 2.88382
-2.54659 -1.00542 3.38321
-0.971319 0.0270993 4.41233
-0.714247 -0.0818824 4.54426
-0.780057 -0.470734 4.53329
-0.442157 -1.96259 4.43688
-1.00917 -0.672239 4.3737
-1.14156 -0.375414 4.32015
1.6542 0.407194 3.67578
0.966316 0.511332 3.3483
2.31219 0.28354 4.10172
0.647895 0.362118 3.72294
-0.191051 0.400408 3.57622
0.714626 0.517586 3.30576
0.251206 0.479249 3.38779
0.577472 0.468826 3.40143
-0.65227 0.294508 3.8404
-0.60328 0.308147 3.78907
-0.58142 0.381854 3.58881
-0.186258 0.574701 3.08707
-1.284 0.269932 3.79931
-1.08766 0.514855 3.14002
-0.792175 -2.41198 4.07403
-0.782454 -1.51543 4.35224
-0.383337 0.696038 2.75437
1.86788 0.111751 4.5455
-1.49528 0.4208 3.39392
-2.09114 -1.07131 3.54147
-2.00499 -1.07674 3.62173
-1.82864 -1.53603 3.53869
5.63778 -1.80178 6.03067
0.327921 -1.25663 5.13727
-0.211904 -1.43033 4.74399
-0.931036 -0.262311 4.43915
-1.03456 -0.203967 4.38496
-0.657782 -0.460397 4.58267
-1.16204 -0.561205 4.28196
-0.939369 -0.0391071 4.43801
-1.10187 -0.014673 4.34341
0.280739 -1.59396 4.9953
-2.06828 -1.36747 3.55315
-0.833572 -2.94757 3.98173
-2.01389 -1.69659 3.20088
1.00845 -2.9266 4.2551
-3.1705 -0.949811 3.1003
0.27719 -1.58987 5.04153
-0.979799 -0.491671 3.78308
-1.23359 -0.657445 4.39909
-1.77105 -0.60395 3.64304
0.341652 -2.67819 4.63776
-2.02177 -1.45079 3.5019
-2.08601 -2.56244 3.01177
-0.699858 -0.754443 4.54713
-1.80838 -0.382765 3.89001
-2.76229 -1.73371 2.92483
-3.17342 -1.02083 3.10423
-1.16307 -0.0940696 4.48517
-0.961581 -0.0317555 4.41023
-2.0386 -1.73569 3.25753
-1.86895 -0.82704 3.54619
-2.08301 -2.55285 3.00763
-2.43668 -1.03632 3.45749
-2.78008 -1.74555 2.95798
-1.08648 -0.639139 4.45837
-0.883329 -0.67183 4.45624
-2.8604 -1.70174 2.91467
-2.37089 -2.47899 2.88402
-2.50056 -1.35094 3.25787
-1.89259 -0.627525 3.97682
-1.88273 -0.554519 3.91319
0.957869 -2.84295 4.12918
-0.814766 -2.97145 4.04249
-2.76008 -2.5531 2.6679
-3.17092 -1.01797 3.10504
-2.43755 -2.72485 3.30026
-1.17921 -0.623585 4.29101
-0.709909 -0.50371 4.55104
-1.78369 0.149483 3.92244
-1.06959 -0.0745122 4.35927
-2.553 -1.01597 3.41479
-1.87849 -1.27997 3.51959
-2.11883 -1.08334 3.4198
-2.75004 -1.56624 2.99437
1.01572 0.289283 4.05037
-2.72509 -2.54805 2.66629
-1.74934 -0.447926 3.61354
-1.837 -2.337 3.26866
-3.21976 -1.06846 3.06696
-1.21903 -0.362068 4.88376
-1.07226 -0.390859 4.32394
1.45322 0.288219 3.9962
-2.76986 -1.70244 3.00052
-3.10671 -1.27997 3.01473
-2.72411 -2.44018 2.70071
-2.72774 -2.28034 2.75962
-1.93474 -2.37354 3.45458
-0.789392 -0.770673 4.49577
-0.804411 -0.643932 4.51368
-0.727589 -0.672657 4.54712
-3.58529 -0.856867 2.83866
-1.8734 -1.0033 3.53547
-0.730882 -2.29371 4.13712
-2.70448 -2.54284 2.65138
-2.71875 -2.18296 2.7768
-3.04164 -1.67458 2.81052
-1.00604 -0.584815 4.38266
-1.14809 -0.46703 4.29797
-0.68442 -0.752498 4.56536
-1.95894 -1.40727 3.43253
-0.705928 -1.21623 4.54706
0.24423 0.0874435 0.460497
0.219947 0.0871122 0.481349
0.0287996 0.0889644 0.489061
-0.0687192 0.0927868 0.477926
-0.167118 -0.0117931 0.607302
-0.174239 0.00111688 0.687587
0.14367 0.103017 0.457797
0.296306 0.136003 0.511913
4.20332 -2.4843 6.71045
0.156169 0.10161 0.425958
3.17123 -0.746609 4.60817
-0.328327 0.105954 0.446875
-0.0491436 0.0725177 0.524378
-0.0473694 0.0773868 0.569988
-0.156035 -0.0678339 0.905653
-0.162637 -0.0684148 0.924761
0.344969 0.0944092 0.452035
0.115887 -0.123344 1.06574
0.398358 -2.03979 4.88152
0.347464 0.122137 0.415505
0.273748 0.114543 0.391953
0.180402 0.0729013 0.523442
0.193658 0.0659796 0.540379
0.0570712 0.106494 0.431271
-0.692584 -1.18682 4.41299
0.0775306 0.079035 0.535887
0.397473 0.0873275 0.487007
0.00696236 0.0854211 0.524727
-0.0215903 0.0881116 0.46686
-1.20244 -0.623348 4.28956
0.224798 0.062685 0.548322
4.49976 -3.05359 5.94239
0.32287 0.0612456 0.529068
0.13893 0.105891 0.497994
1.27612 -1.83295 4.03451
-2.04634 0.00992222 3.33053
0.150096 0.0472644 0.589017
4.77945 -0.502614 5.77589
0.785511 -0.0260432 1.20085
0.0631467 -0.11455 0.906492
-0.109138 0.0652842 0.540007
-0.0223491 0.0950329 0.4936
-0.732389 -1.21751 4.55132
0.0661246 0.0769448 0.515778
0.125576 -0.0571376 0.861929
0.0513479 0.0919155 0.590353
0.0289763 0.09051 0.498118
-0.790875 -0.591351 4.50937
0.424359 0.0811374 0.519112
0.309154 0.0862948 0.523827
0.0460386 0.0724845 0.528155
0.03681 0.0985938 0.453403
0.249547 0.10411 0.431154
0.26717 0.0289868 0.636091
-1.85728 -1.0064 3.71912
0.235946 0.0806645 0.491081
0.220059 0.029311 0.643178
3.60751 -2.15021 5.75204
0.217329 0.1122 0.386789
-0.0537967 -1.68355 4.76062
-1.35338 -1.15418 4.1143
4.66917 -1.73269 5.31538
0.0162116 0.0670405 0.524958
3.28058 -1.5442 4.24953
4.85414 -1.07202 5.60454
-1.19222 -0.622653 4.29225
-1.16943 -0.444626 4.32552
-0.192785 0.110614 0.444025
-0.0155199 0.110666 0.425163
-1.081 -0.364988 4.34696
0.0278891 0.0853227 0.47913
-0.802251 -0.800607 4.5946
0.241643 0.101367 0.438773
-0.765729 -0.421038 4.52023
0.0626749 0.0666127 0.534094
0.267386 0.0548893 0.560275
0.00687599 0.0747134 0.461969
0.349658 0.0201268 0.67275
0.196074 0.0679622 0.543377
-0.300466 0.119898 0.436059
-2.02539 -0.0398456 3.48826
-0.748528 -1.21117 4.53982
-1.99568 -1.44333 3.47215
0.049019 -0.00454968 0.734533
0.0830228 0.0431172 0.598796
-0.0142479 0.0611755 0.537867
0.331718 0.135443 0.398817
0.128077 0.104292 0.528157
0.0268617 0.0855859 0.478328
0.166156 0.0573597 0.613671
0.0524694 0.0491869 0.602769
0.0705672 0.12022 0.430192
0.0146431 0.0684691 0.523823
0.126458 0.116554 0.412364
0.0102672 0.0959844 0.522155
0.0382049 0.122924 0.413219
-1.33057 -0.504368 4.2774
0.116812 0.00563852 0.613142
-0.511701 -1.76934 4.47925
-1.8995 -1.63587 3.64124
0.233588 0.080963 0.486851
-1.74065 0.293992 3.65544
-1.16195 -0.454 4.30306
-0.0290985 0.112265 0.440197
0.157074 0.102315 0.430609
3.72513 -2.25206 5.76764
-0.106974 0.0766597 0.512184
-0.148613 0.0701719 0.519213
-1.37333 -1.16342 4.16436
-1.57229 -1.42279 2.79734
0.106294 -0.0400676 0.841547
-0.043753 0.0146052 0.674201
0.264094 0.0098785 0.705281
-1.04117 -0.635853 4.22033
-0.8594 -0.692866 4.46907
-0.241153 0.118144 0.436898
0.0906706 0.0265386 0.612657
0.226874 0.0511632 0.54333
0.388665 0.0864262 0.491533
0.29517 0.0981857 0.436424
4.66886 -2.34875 6.4121
0.348012 -0.0717344 1.0418
0.111795 0.0874218 0.483036
0.115483 0.0913298 0.473255
3.34951 -2.61977 4.93922
-2.98778 -1.35448 3.14366
-0.856843 -1.10457 4.53609
-1.59391 -0.347657 4.12953
-0.782513 -0.622153 4.48744
0.0162115 0.0221512 0.635357
0.0762432 0.097599 0.481365
0.0935692 0.112367 0.417517
-0.138293 0.0919527 0.486838
-0.0286572 0.111301 0.436348
-2.02505 -0.0405889 3.49458
0.192339 0.0785748 0.490264
-0.0849488 0.106723 0.44823
-0.262763 0.120163 0.405368
0.111958 0.0416797 0.578443
0.318867 0.0462437 0.601
-2.63347 0.633235 2.8774
0.0510318 0.0835372 0.493104
0.0340811 0.101399 0.460999
-0.0245392 0.0377781 0.618949
-0.0402196 -0.0424028 0.845187
-0.819439 -0.667287 4.20667
-0.0749349 0.109866 0.438117
0.037244 0.120647 0.407452
-0.192819 0.118943 0.418096
0.346193 -1.26908 5.19131
-1.58939 -1.11806 4.0766
-0.108459 0.0787039 0.520069
3.78903 -2.28501 6.00631
-1.56673 -0.47271 4.11223
-1.05017 -0.559342 4.17435
0.0317569 0.0736283 0.55907
0.0517948 0.0493941 0.590066
1.52788 -1.12897 4.59291
5.22105 -2.08312 5.40765
0.139281 0.0114892 0.689015
0.244465 0.0379087 0.623954
-0.196627 0.0790334 0.517698
-2.00878 0.386814 3.63846
-1.80977 -1.28356 3.85298
-0.144386 0.122963 0.401181
0.280688 -0.0644142 0.907868
0.228379 -0.0394884 0.827998
-0.684216 -0.557251 4.60792
0.0511099 0.0839913 0.493842
-2.0548 -1.22906 3.59757
-1.774 -0.168326 3.60693
0.254352 0.0921193 0.468495
-0.0380714 0.111617 0.428402
-0.0837605 0.0612399 0.542275
-0.0853839 0.106244 0.448393
0.23451 0.0820652 0.486904
-0.903924 -0.689113 4.44463
-0.0024207 -1.3627 4.90335
-1.06087 -0.663417 4.35452
-2.11945 -1.73321 3.28264
4.89269 -3.21482 6.03271
-0.0372928 -0.044104 0.838563
-1.50508 -1.31568 2.72986
-1.60862 -0.336457 4.1459
-0.432205 -1.45397 4.64078
-1.91671 -1.02834 3.54267
-1.89546 -0.700049 3.89575
5.51326 -1.69375 6.27172
-1.88271 -0.550052 3.906
-1.79382 -0.95166 3.92796
-0.111551 0.0239356 0.676356
-0.0479643 0.0859934 0.496574
-1.80216 0.199871 3.95075
0.00960345 0.0859874 0.497721
-0.879704 -0.237755 4.4162
3.20618 -0.644048 5.5967
-1.04129 0.521777 3.22
-1.46724 0.581143 2.83914
0.184128 0.0554793 0.602974
-1.68143 0.456638 3.24711
-2.31548 0.670868 2.58371
-1.89821 -1.3038 3.54671
1.3953 -2.00667 4.40418
-1.48664 0.373618 3.90338
-1.0251 0.503893 3.19869
-1.32455 0.586343 2.89114
0.0539541 0.0497697 0.607405
-0.107795 0.064141 0.514082
-1.72753 0.722858 2.43425
-1.21819 0.550283 3.05551
-1.90654 0.543112 3.01001
-0.0747268 -1.6885 4.76137
0.269698 -1.13824 5.13518
0.0512227 0.0482871 0.601356
-1.21324 0.580246 2.94108
-0.213811 0.0737556 0.533798
-1.38383 0.325472 3.62869
-1.02298 0.50508 3.21164
-1.73695 0.739017 2.4518
-1.34603 0.591658 2.89272
-0.0407977 0.0885824 0.500029
0.351106 -0.109793 1.25556
-2.18043 0.685936 2.5442
-1.70871 0.798462 2.33449
-1.90045 0.540109 3.00061
-0.0362949 -0.0509919 0.76959
-2.44114 0.611831 2.74045
3.18414 -0.599672 5.60712
-1.82012 -0.544653 3.76749
-0.609296 -0.455119 3.88153
-2.96542 -1.42766 3.08668
-1.0849 -0.0899931 4.174
-1.01597 0.495995 3.20111
-0.580176 0.312473 3.71881
0.0734404 0.0880827 0.483591
-1.74752 0.739197 2.46152
-0.0422289 -0.0412181 0.848663
-1.87384 0.753708 2.44442
0.136597 0.0107854 0.681168
-1.62131 0.44603 3.28535
3.06592 -0.580584 5.41807
-2.04461 -1.72844 3.27025
0.300051 0.0280052 0.628386
-1.49092 0.428252 3.37854
2.86401 -0.573089 5.06324
-0.685289 -0.332947 4.5793
-1.31733 0.640944 2.72501
-1.89724 0.546037 2.99772
-1.27351 0.677694 2.81055
-0.980252 0.598513 2.91958
-1.43385 0.229543 3.88827
0.298454 -2.17375 4.18879
3.82828 -3.00728 5.66454
0.264411 -0.102662 0.996954
0.0874972 -0.111949 1.02494
0.192749 0.0786686 0.495642
0.074175 0.0908777 0.481682
-1.49344 0.427417 3.37358
-1.3399 0.331824 3.55213
-1.37123 0.587018 2.93811
-1.22364 0.546665 3.03322
-2.0309 -1.72728 3.24866
-0.469233 -1.76374 4.49997
-1.2788 -1.96169 3.90497
-1.75601 0.746975 2.46501
-1.87046 0.752667 2.43307
-1.61926 0.453136 3.29386
-2.44189 0.613824 2.74398
-1.33616 0.662127 2.78478
-1.48143 0.439061 3.32738
0.00390447 -1.36998 4.91337
0.134458 -0.0399257 0.847517
0.216438 -0.0251951 0.786227
0.0737375 0.0894795 0.477795
3.1965 0.0314339 4.43609
4.48678 0.40298 5.47698
0.238418 0.0834015 0.495748
0.00605423 0.0561925 0.576987
0.0609874 0.022716 0.659594
0.128284 0.00599325 0.689535
-2.26774 -0.303977 3.51573
-0.473466 -1.76935 4.53037
-1.46726 0.790495 2.33573
-1.8878 0.544351 2.98277
-1.69861 0.467776 3.22893
-1.33769 0.676037 2.79768
0.402949 -0.304395 5.48144
0.222034 -0.0229628 0.798526
3.5146 0.0563263 4.88267
-1.00968 -0.670993 4.39355
0.258824 0.0576352 0.556718
0.195551 0.0591463 0.583661
0.0932616 -0.0221432 0.784849
0.0649282 0.0278606 0.678101
0.00967149 0.0861616 0.497344
-0.149841 0.0492723 0.593448
4.4743 0.0337017 5.58283
0.120985 0.0935559 0.469048
-0.71404 0.276561 3.86132
0.051051 0.083385 0.495117
0.0772807 0.0930956 0.487098
-0.122988 0.0391774 0.633217
-0.695667 -0.301679 4.58256
-1.13987 -1.19409 4.28272
-1.87499 0.755895 2.43687
-2.15088 0.671939 2.65618
-1.49075 0.598014 2.89083
-2.69348 0.584824 2.82749
-2.45306 0.626014 2.75496
-0.109204 -0.247101 5.10068
0.405915 -0.299716 5.50787
3.49555 -0.634044 6.16975
0.0925974 -0.113243 1.02177
0.318046 0.0463635 0.599746
-0.0665172 0.0580101 0.56402
-0.0279318 0.0930269 0.490607
0.155522 0.100384 0.428037
-1.11761 0.337332 3.56699
-1.02351 0.334502 3.66747
-1.76292 0.162246 3.85972
-2.93409 -1.38294 3.0505
-4.1655 -0.0784552 2.36559
-3.15674 -0.953086 3.07519
-2.73277 1.28548 0.819585
-4.91927 0.90631 2.6896
-4.87489 0.617876 0.594345
-2.93604 1.00896 1.58856
-4.25571 0.289708 -0.687687
-1.70922 0.778236 2.34737
-4.75787 0.0635786 -0.0965643
-5.24246 1.00404 0.708038
-4.45239 0.951829 0.964118
-5.45499 0.321486 1.98568
-5.68459 0.132638 1.94012
-5.66853 0.737588 2.1187
-4.16393 0.1828 -0.462608
-4.35264 0.185023 -0.438573
-4.35311 0.453401 -1.05031
-4.27553 -0.806742 2.56522
-4.05072 -0.81735 2.64922
-2.07282 0.700959 2.5459
-2.02013 0.667175 2.59855
-2.75172 0.490256 2.80744
-2.82038 0.530284 2.93969
-4.37843 0.656829 2.33729
-4.81667 -0.469159 0.0316145
-4.64528 -0.0591364 0.238971
-5.51795 -0.84351 1.31634
-5.13426 0.0904613 2.44284
-4.94294 0.636367 0.610256
-2.93831 1.00994 1.60067
-2.80147 1.15863 1.18443
-4.40958 0.332509 -0.683348
-1.90679 -1.15675 3.79089
-2.92934 -1.19492 3.10718
-1.65381 0.378734 3.55881
-4.34132 0.677734 2.32822
-3.77916 -0.860179 2.70546
-5.04101 -0.501933 2.25624
-5.26727 -0.112368 2.26094
-4.92576 0.936457 0.673017
-4.59114 0.980126 0.874617
-3.81383 -0.848678 2.58808
-5.63377 -0.499207 1.47809
-4.2683 0.45534 -1.12081
-4.44458 0.415028 -0.974984
-5.00007 -0.590667 0.36558
-5.0421 -0.191332 0.490184
-2.78391 0.496656 2.94414
-1.50036 0.601178 2.87877
-6.20551 -0.876358 1.17003
-1.88201 -0.830817 3.89189
-1.73186 -0.424158 4.01179
-1.98528 -1.15776 3.83197
-4.03375 -0.806897 2.63151
-2.49372 0.622015 2.66565
-2.54872 -2.03323 3.73373
-8.70434 -3.30706 7.52433
-2.89642 -1.19246 3.09369
-4.355 0.321195 -0.658093
-4.38401 -0.0176515 0.0991641
-2.9628 1.01987 1.60651
-5.89541 0.167304 1.93777
-6.11023 0.447579 2.02996
-3.58623 -0.869432 2.85541
-4.80954 -0.476633 0.0360434
-2.15106 0.666362 2.639
-5.558 -0.571151 1.39233
-5.5561 -0.488092 1.49104
-4.50329 -0.378609 2.19711
-4.65166 -0.398831 2.31049
-4.68032 -0.19576 2.23624
-1.7622 0.751948 2.46509
-1.64728 0.874273 2.42114
-2.79905 1.15668 1.18902
-2.54253 1.28768 0.747313
-2.75548 1.29033 0.82251
-4.49401 -0.680327 2.32088
-4.29821 0.369078 -0.852385
-1.5587 0.79652 2.27038
-1.44715 0.786015 2.34738
-3.82617 -1.01448 2.80016
-1.68387 0.46688 3.21268
-2.8027 1.13274 1.31603
-2.98292 1.1472 1.48639
-4.53074 0.812181 0.755554
-4.54429 1.00727 0.843703
-4.45892 0.245869 -0.462666
-4.76399 0.093802 -0.0675912
-5.8093 0.152556 1.94371
-5.67522 -0.995041 1.2598
-4.85386 -0.471318 0.0292624
-4.29575 -0.792174 2.59791
-5.50117 -1.06793 1.71722
-2.08444 -1.43547 3.52687
-1.84543 -0.689075 3.85702
-2.14351 0.741668 2.56759
-2.17811 0.596373 2.66343
-2.25926 0.755113 2.53764
-1.45699 0.787136 2.3486
-2.81286 1.1461 1.19179
-3.02935 1.18362 1.32255
-3.7706 0.631043 -1.56915
-3.8189 0.58551 -1.41753
-4.61837 -0.223788 0.580393
-1.80488 0.185319 3.94126
-1.50266 0.258522 3.8421
-5.63269 -0.583414 1.40207
-1.93354 -0.309488 4.04089
-1.37979 0.826534 2.2549
-4.4706 0.807651 0.764595
-4.70788 1.01422 0.795662
-5.65701 0.742533 2.13675
-2.43115 0.649291 2.65472
-3.74911 -0.85638 2.72209
-3.41514 -0.907121 2.82814
-1.98841 -1.44298 3.69039
-2.3175 0.978011 1.74672
-2.87895 0.555911 2.83379
-2.53719 1.36822 0.521836
-4.80913 -0.337243 2.2541
-4.3771 -0.154149 2.29909
-2.85232 -1.41461 3.0005
-2.94012 -1.19533 3.10863
-4.43222 0.785132 0.767274
-4.81071 -0.486321 0.0430215
-4.40084 0.000377521 0.0971287
-3.46825 1.81597 -0.618318
-4.66371 -0.35916 2.25842
-4.29874 0.0732985 2.31333
-4.31747 -1.6838 2.07448
-5.6265 -1.05582 1.71005
-2.44481 -1.03424 3.3989
-2.39131 -1.98327 3.64366
-2.36615 -1.7289 3.2224
-2.06675 0.701526 2.55572
-1.92633 0.682605 2.56133
-2.86213 1.10043 1.29708
-2.65505 0.958372 1.40155
-1.56007 0.797918 2.31514
-1.30753 0.84914 2.21372
-1.97927 -1.07774 3.59049
-1.3599 0.239535 3.83464
-5.66174 -0.933605 1.2785
-5.86305 -0.573698 1.40124
-1.67525 0.50193 3.14404
-1.54044 0.483128 3.22271
-2.49924 1.22467 0.833062
-2.88778 0.558837 2.83154
-2.30082 0.558498 2.71188
-1.76764 0.174525 3.89985
-2.79647 1.24056 0.975696
-3.96221 0.323674 -0.713505
-4.35862 0.229348 -0.457835
-5.54054 -1.00576 -0.0613266
-1.9002 0.336709 3.48577
-3.81223 0.600745 -1.41926
-3.67269 -0.86464 2.78576
-3.52229 -0.880943 2.85437
-1.96482 -1.33953 3.54223
-5.66639 -1.57896 1.06634
-5.23353 0.278014 1.99501
-5.3933 0.688014 2.1243
-5.41264 0.690199 2.13131
-1.9249 -1.44455 3.64566
-5.56861 1.04803 0.649376
-2.84948 0.983529 1.62098
-4.09125 -0.800576 2.58894
-5.31002 -1.0697 0.894099
-5.00158 0.685373 0.542043
-5.38639 -0.147736 1.65536
-5.46987 -0.449571 1.92051
-4.47907 0.729911 2.34637
-1.65709 -0.199446 3.52002
-4.29577 0.470813 -1.09604
-3.07788 -2.10428 4.12324
-1.25379 0.141149 3.63026
-5.16856 0.14932 0.56198
-3.32878 1.67039 -0.649648
-3.07909 -2.1059 4.13075
-2.91271 -1.41396 3.02407
-2.77872 1.22431 0.977692
-2.25329 0.643258 2.69741
-2.0103 0.724253 2.57812
-2.5955 1.29384 0.670063
-1.6739 0.369606 3.53653
-2.16257 -1.1169 3.70432
-2.79137 0.551947 2.81103
-2.48123 0.670241 2.66712
-2.40831 0.602196 2.73105
-5.04123 -0.177945 0.462336
-4.51561 0.0225856 -1.44162
-3.89817 0.534451 -1.25309
-1.67746 0.502192 3.14179
-3.85715 0.756822 -1.85734
-4.58395 -0.688148 2.34156
-4.68816 -0.351195 2.24576
-4.31117 0.218891 -0.425317
-1.76414 0.173662 3.92
-5.33679 1.07294 0.551913
-4.41804 1.16387 0.879562
-4.94437 0.869116 0.792267
-5.53193 -0.333863 1.56062
-5.71077 0.151792 1.94512
-2.94704 -1.19498 3.11628
-2.44704 1.43753 0.357458
-3.60974 -0.151296 -2.00072
-6.05724 -1.07486 1.68142
-5.50712 -0.575315 1.87629
-2.81192 0.508246 2.95715
-4.31392 0.681356 2.33866
-4.20606 0.418889 2.22161
-5.67643 -1.47105 1.09456
-5.69226 -1.13941 1.23968
-4.78738 -0.499304 0.0520004
-3.37744 -0.959991 3.19111
-4.44152 -0.853237 2.38488
-1.46111 0.383848 3.50086
-3.80176 -1.51196 2.40149
-2.73092 -0.982546 3.24063
-2.34133 0.990251 1.75389
-2.42362 -1.98595 3.66135
-5.38635 -1.66845 1.44322
-4.26737 0.508597 0.736625
-4.34442 -0.756816 2.44438
-3.80053 -0.822381 2.61558
-4.48151 -0.292793 -0.828313
-4.28999 0.0728103 2.31098
-1.42561 0.265801 3.89624
-4.80365 1.06859 0.75342
-5.34618 -1.04518 0.85987
-2.36432 -1.73629 3.22365
-3.96291 0.626932 2.53034
-2.18528 -0.998061 4.28894
-2.86122 1.42367 0.777124
-2.65494 1.31419 0.78205
-2.10481 -1.09681 3.62639
-1.82461 -0.813957 3.54023
-1.92809 -1.01408 3.83554
-1.62668 0.47731 3.22824
-1.98706 -1.38389 3.54365
-1.19001 0.0391365 4.29998
-5.01745 -0.551025 0.288691
-4.99131 -0.179102 0.454397
-1.92617 -1.62919 3.42554
-5.12405 -0.493021 -0.0487618
-4.21156 -0.0177823 0.17688
-4.93164 0.00317369 0.204115
-4.05952 -0.791784 2.59689
-5.67888 -1.00316 1.29995
-5.61189 -0.342549 1.56631
-5.46863 -0.461619 1.91029
-5.7148 0.15732 1.94686
-2.80002 0.976299 1.62956
-3.90558 0.543956 -1.25696
-2.86885 0.532297 2.99502
-1.62351 0.752301 2.46235
-5.55446 0.786632 0.502542
-5.08956 0.909924 0.762594
-2.41432 -1.98629 3.66115
-3.71542 0.708675 -1.71955
-3.84185 0.670031 -1.58905
-5.24351 0.633207 2.08255
-4.65373 0.521257 2.24911
-5.25119 -0.581243 1.88407
-3.94453 0.365063 -0.784953
-4.3564 0.315774 -0.62094
-4.37425 -0.292872 -0.786888
-4.40202 -0.0310924 2.30912
-1.94608 -0.32029 4.0177
-4.43252 -0.829735 2.4235
-1.80879 -0.690403 3.54119
-2.95284 -0.954279 3.19652
-4.93593 0.353939 -0.727925
-5.57297 -1.70323 1.43921
-4.32863 0.566676 2.30363
-1.86907 0.539487 2.99198
-5.03106 -0.629207 -0.473933
-1.75785 0.428307 3.32923
-2.1845 -0.992203 4.23547
-2.57546 1.39391 0.547114
-2.60014 1.37371 0.626742
-2.86857 1.10619 1.315
-2.91752 1.07558 1.4013
-2.77615 1.2291 0.983647
-1.95474 0.71609 2.49981
-2.33107 0.688468 2.6344
-4.42971 0.597654 2.31093
-1.97201 0.731125 2.50794
-2.63558 1.27772 0.853968
-4.37029 -0.28625 -0.776244
-2.00329 -0.531818 3.98556
-3.90243 0.545816 -1.25669
-5.32887 -0.268532 0.266355
-5.15033 -0.637874 -0.515727
-4.25008 0.27671 -0.556835
-5.60571 -0.395223 1.57424
-0.219152 -0.702305 1.7272
-3.96847 -0.0533287 0.258902
-2.05605 -1.36451 3.60593
-4.4937 -0.675453 2.2938
-4.54107 1.00243 1.06494
-6.03621 -1.61427 1.06629
-5.64805 -1.12729 1.27789
-3.04546 -0.94085 3.09067
-2.33777 -2.25808 3.47842
-4.3892 0.245342 -0.453728
-3.87374 0.598309 2.51392
-5.48808 -0.759554 1.81017
-4.49765 -0.966962 2.38372
-2.74155 -0.980536 3.24873
-2.5963 -1.04305 3.47424
-2.81659 0.504895 2.96964
-2.77334 1.19442 1.15438
-2.79991 1.08369 1.30887
-2.77906 1.03242 1.46749
-2.43831 1.44001 0.35975
-6.08679 -0.773015 -1.91137
-1.61623 0.4548 3.28624
-5.69907 -0.950517 1.30274
-2.69123 1.35751 0.633959
-2.5963 1.27708 0.802351
-2.60359 0.607944 2.7484
0.0850653 -1.24267 5.04347
-0.142658 -0.247187 5.09317
-2.91654 0.992488 1.57916
-0.930255 -0.641799 4.49274
-1.77246 0.163772 3.85601
-0.14468 0.384337 3.56806
-1.42144 0.881273 2.21309
-1.27613 0.694512 2.66066
-0.592611 0.285455 3.75167
-0.938078 0.46673 3.11118
-2.97472 0.595401 2.92297
-1.57197 0.670749 2.32845
-0.842177 -0.121512 4.52976
-0.551403 0.315136 3.70517
-1.37643 0.817181 2.33826
-1.28253 0.67774 2.68577
-0.809425 0.717336 2.17741
-0.779468 0.382967 3.49393
-1.04791 0.251643 3.84597
-0.999027 0.495384 3.15568
-0.964624 -0.535033 3.36994
0.0913381 0.40016 3.44488
0.203892 0.436603 3.48261
0.762046 0.49583 3.3682
-0.770808 0.425431 3.46418
-1.66264 0.190338 3.58378
-2.86725 0.564948 2.8397
-2.58493 0.445883 2.83004
-1.84909 -0.698975 3.52861
-1.10105 -0.258986 4.28732
-1.55534 0.835549 2.38191
-1.11118 0.312425 3.60746
-0.262079 0.577682 3.04885
-1.04387 0.518057 3.20272
-0.617092 0.70565 2.72146
-0.726267 -0.52823 4.58787
-5.58498 -0.677968 1.40079
-4.99186 0.649422 0.600605
0.369025 -0.830874 5.39697
-0.654352 -0.213123 4.59395
-0.972329 0.847565 2.24409
-1.96845 0.411656 3.3276
0.00685901 0.627445 3.04753
1.16361 0.38744 3.65988
-0.98625 0.608853 2.91851
-0.431062 0.77221 2.47939
-5.04049 0.657414 0.616641
0.41596 -0.308976 5.42112
-1.2012 0.445783 3.40636
-0.779107 0.437274 3.43117
-0.989842 0.300565 3.71863
1.15955 0.546926 3.24544
-4.63644 1.04896 0.97491
-4.69794 -0.041249 0.223036
-1.33898 0.614759 2.88803
-0.801911 0.601776 2.9509
-2.02741 -0.942559 3.84302
-1.74332 -0.637251 3.86586
0.129651 0.696698 2.77942
-0.261094 0.574124 3.04552
1.08226 0.437156 3.65214
-1.24281 0.459767 3.42836
-0.949179 0.944056 2.04666
-0.953031 0.851439 2.23552
-1.16101 0.529943 3.05817
-1.06808 0.52796 3.2316
-0.0473023 0.402098 3.50957
-0.0402672 0.343225 3.31549
-1.98122 0.417631 3.34209
-1.37372 -1.05526 4.20257
-1.37014 0.245231 3.85458
-1.20351 0.404991 3.48605
-0.770958 0.922669 2.0808
-1.18416 0.541731 3.07918
-2.04636 -0.934071 3.85724
0.036501 0.427934 3.49425
-1.32231 0.646659 2.73
-1.12736 0.636603 2.83078
-0.58005 0.687088 2.71455
-5.61052 -0.144568 1.67837
-2.70031 0.583034 2.82489
-3.68714 -0.846564 2.78479
-1.20687 0.40354 3.47854
-1.14214 -0.0271476 4.32096
-1.5726 0.85057 2.36055
-0.652711 0.354061 3.6626
-0.791187 0.864639 2.28954
-2.04412 -0.262791 3.48877
-1.80448 0.0196973 3.79951
-0.901419 0.447014 3.33739
-3.11911 -0.957031 3.05845
-0.937536 -0.375371 4.43955
-2.84439 -1.66487 2.97011
-0.544209 -0.105659 4.67502
-1.31419 0.630064 2.80615
-0.8383 -2.54473 3.98952
-0.723883 -2.0126 4.25332
-4.3895 -2.39363 1.80159
-2.92811 -1.66743 2.87607
-5.41735 -1.94464 0.939181
-5.23492 -2.10267 1.23754
-4.31488 -2.37876 1.80714
0.0476121 -2.61431 4.49545
-4.59453 -0.809568 2.55526
-5.60467 -1.97389 0.950611
-5.35759 -2.12837 1.22941
-5.32212 -2.1308 1.22999
-2.24982 0.336216 2.84193
-1.13806 0.29519 3.90354
0.405565 -2.5338 4.64992
-0.864609 -0.656032 4.27516
-1.39754 0.910076 2.21451
-1.42777 0.335964 3.651
-4.20268 -2.34854 1.82575
-1.88869 -2.71418 3.20903
-1.20119 -0.578549 4.27981
-1.31252 0.854485 2.20441
-0.870734 0.418829 3.35764
-0.337563 0.426949 3.47065
-0.746703 -2.00873 4.26069
-0.687647 -0.392019 4.62419
-5.47873 -2.13669 1.22654
-5.5628 -1.99084 0.968665
-1.82812 -2.69614 3.17777
-2.08121 -0.576514 3.46192
-0.354785 -0.298174 4.92938
-0.863282 0.351106 3.62579
-0.399412 0.385816 3.57312
-1.20196 0.520477 3.16893
-5.70508 -1.00794 1.27915
-5.52172 -0.604181 1.87921
-1.51835 0.601988 2.88967
-0.780701 -0.719621 4.5419
-1.45513 0.799853 2.27647
-2.47521 0.666039 2.66199
-0.881604 0.708068 2.58033
0.45478 -0.323521 5.32417
-4.49071 -0.680614 2.29914
-4.19042 -2.33636 1.82985
-4.38171 0.704568 2.34357
-1.26299 0.520178 3.17034
-2.08403 0.704852 2.5536
-0.750558 -1.97787 4.26579
-0.665239 -0.575228 4.58418
-2.91175 1.10594 1.35716
-2.51282 0.575268 2.77253
-1.12925 -0.28514 4.3259
-1.49909 0.596748 2.8992
-2.94859 1.1114 1.34799
-2.54856 0.605455 2.78569
-5.49346 -1.9857 0.960706
-5.24562 -2.1185 1.22702
-1.81467 -0.509491 -5.62841
1.98412 2.33394 -5.78581
-1.40465 1.70327 -1.86394
-0.77714 -0.0849928 -5.5398
-1.43246 0.0147938 -5.66343
1.16356 2.28647 -7.2044
-1.61163 0.770667 -1.35561
-1.59719 0.987767 -1.23775
2.71418 2.74744 -4.01423
3.00056 2.55747 -3.61971
-2.22712 -0.192045 -2.55429
-0.128476 1.43723 -7.03429
1.16738 3.49647 -6.86462
1.20432 3.27226 -6.00986
0.478615 3.65738 -5.85516
-2.14229 1.70971 -4.25241
-2.71868 2.69664 -4.27745
-1.86011 1.91672 -4.99796
0.179822 0.431285 -8.14896
2.58581 3.08652 -3.9226
1.53555 2.01728 -5.40821
2.2549 3.17281 -5.40502
1.56947 3.53904 -5.67939
-1.50435 -0.0554051 -5.75854
0.720884 2.24194 -8.06459
1.07487 2.35721 -7.37585
3.29104 2.4785 -3.33494
2.99777 2.53729 -3.58457
-1.5534 1.04516 -5.61707
-1.85279 -0.0862384 -2.25306
-3.52841 0.856245 -2.12618
-1.38575 1.79605 -5.01198
-1.78521 1.83433 -4.8276
-1.617 0.986849 -1.25126
-2.24789 -0.180176 -2.55975
2.87477 1.89498 -5.19991
2.63688 2.79345 -4.72731
-0.334548 1.67056 -7.61793
-0.170949 2.35993 -7.02993
-1.02431 2.25378 -6.05185
-2.02133 2.9895 -3.65676
-1.78236 1.43979 -3.9033
-0.813237 -0.260555 -6.82783
-0.854329 0.369058 -6.53212
-1.20046 0.963478 -1.87089
-1.24571 1.20645 -1.85969
-1.22586 0.900184 -1.69379
2.53995 2.65236 -6.35923
-2.779 -1.10326 -3.50869
-2.73309 -1.23298 -3.05511
-1.57534 0.896847 -1.49568
-2.33073 -0.340703 -6.29924
2.64606 2.47092 -4.38239
0.669128 2.0127 -7.70935
0.554124 1.62866 -7.48224
0.896642 2.36559 -7.73166
-1.2253 0.88232 -2.05355
3.25009 2.26903 -3.4032
3.28637 2.53762 -3.37569
1.23384 3.20991 -5.92399
0.431518 3.81119 -6.04509
-1.75212 2.72011 -3.4415
-0.988086 1.47185 -1.73895
-4.12047 0.833155 -1.8189
-1.52737 1.96634 -5.21959
-1.70163 1.76076 -4.7075
-0.189561 1.4963 -7.15579
-0.575976 2.35922 -6.33816
-1.05585 2.26644 -5.98468
-2.40709 2.45349 -4.0308
-1.55173 1.12494 -4.36959
-1.77047 0.658829 -1.53217
-1.67437 1.03406 -1.00306
-1.90188 -0.219461 -2.55105
-0.851331 -0.229088 -6.95205
-1.00078 0.445834 -6.8086
0.126703 0.584633 -8.40353
-1.61762 0.645295 -1.60381
-1.4424 0.943301 -1.35724
2.08181 2.25288 -5.68037
1.51481 2.05202 -5.4424
-2.54856 -1.24444 -2.93982
-1.96173 0.200956 -2.48751
-2.22151 0.0990041 -2.48573
-1.55578 0.925304 -1.23937
1.49517 3.22957 -5.633
-0.177438 1.44819 -7.04254
-0.933973 2.12532 -5.79232
0.658935 1.97049 -7.63753
-0.916608 0.373956 -6.62792
3.45344 2.12606 -3.26946
-0.749515 3.82708 -7.39927
-0.26114 3.78407 -6.21826
1.22772 3.25009 -6.00068
0.481946 3.67713 -5.86232
-1.61216 1.08873 -5.6878
-2.15402 1.35188 -5.08838
-2.44331 -0.587511 -2.60693
-2.12754 -0.306823 -2.29335
-2.6124 -1.11967 -3.36963
-1.04077 1.40873 -1.73911
-2.10323 1.68222 -4.19825
-1.43145 1.87135 -5.08024
-1.93303 -0.0213709 -2.03659
-3.89584 1.03252 -2.27136
-1.35694 0.683049 -1.87078
-1.14273 0.96792 -1.64282
2.08017 2.31946 -5.78139
2.1439 2.58657 -5.52362
-1.55343 1.17257 -1.017
-1.75081 0.0968203 -2.35841
-1.99146 0.364636 -2.18053
-1.71374 -0.00374437 -6.0574
-1.58952 -0.383914 -5.55783
-1.44436 -0.051129 -5.64731
-2.17647 2.22329 -3.81363
-2.09725 2.48137 -3.73867
2.55772 3.10599 -3.93956
2.61032 2.40704 -4.32532
2.97464 2.35192 -3.85572
2.82466 2.2514 -3.85091
3.00946 2.54746 -3.57453
0.958742 2.16298 -7.32764
-2.60098 -1.25136 -2.93446
2.34832 2.76535 -6.65131
2.40253 2.97712 -6.02597
0.428018 1.83757 -7.95962
0.196319 1.65891 -7.16647
1.51763 3.7147 -5.89608
0.0120715 1.94629 -6.63129
-1.06398 2.28453 -5.99481
0.863174 2.41283 -7.75395
-0.535326 -0.618463 -8.32063
-0.902354 -0.186675 -7.05534
-1.18693 0.58481 -7.21687
0.137927 0.555247 -8.27826
0.603131 3.32418 -6.0503
0.586212 3.76005 -5.96165
-1.99935 1.22111 -4.85265
-2.51727 -0.577583 -2.64355
-2.08517 -0.328603 -2.25179
-1.33242 1.26664 -2.08148
-1.8359 2.83981 -3.53787
-2.16224 1.69815 -4.27273
-2.30355 2.37296 -3.96295
-1.04628 1.22426 -1.47933
-1.77461 -0.0763757 -1.97121
-3.55691 -0.120699 -1.92286
-3.65535 0.951665 -2.19033
-1.78068 0.661112 -1.53123
-1.63308 0.441295 -2.15461
2.09355 2.3336 -5.78265
-1.01894 1.52129 -1.7652
-0.856645 1.90864 -1.60961
2.66785 2.76965 -4.03322
2.77888 2.88323 -3.7657
-2.73221 -1.56093 -3.16212
-2.59538 -1.23894 -2.93088
0.571468 1.66048 -7.56795
0.217614 1.57171 -7.79624
0.660355 1.95938 -7.58082
0.143022 1.74526 -7.3314
2.53213 2.60037 -6.34203
2.41466 2.9899 -6.04586
-1.2851 0.911864 -2.07776
-1.9284 -0.208143 -2.5712
3.47722 2.28017 -3.40559
-1.24658 2.09089 -5.47887
3.02465 2.58994 -3.59363
-0.190843 1.38642 -7.1725
-0.207619 1.48538 -7.14277
-1.19836 0.193879 -6.21892
-1.82077 2.84254 -3.52921
-0.172891 1.43565 -7.04899
-0.165842 1.88288 -6.84738
0.923486 2.38329 -7.32966
0.121705 -0.411812 -8.56526
1.0613 0.407829 -8.44225
3.08824 2.90139 -3.32553
3.87198 1.8646 -4.72689
-0.52037 3.47548 -6.91092
0.680407 3.12428 -5.80305
-2.51451 -1.11939 -3.32954
-0.846893 1.89533 -1.59867
-2.14895 1.67339 -4.2289
-1.77964 1.82603 -4.78272
-1.04147 1.24027 -1.47821
-1.9235 -0.0234392 -2.02605
-1.59252 0.414628 -2.14492
3.01454 2.5393 -3.55826
-1.25452 0.977126 -5.51244
1.83788 2.77876 -6.70837
-1.33729 1.19713 -1.17802
-1.61239 1.2317 -1.00758
2.95783 2.45367 -4.54754
-3.51917 -0.143062 -1.90955
-2.11395 -0.171305 -2.53457
-2.42132 -0.598283 -2.57094
-1.49806 0.0574073 -6.22487
0.572207 1.66348 -7.5815
0.670461 1.89481 -7.45149
-0.993579 1.49079 -1.75555
3.38553 2.68021 -3.11913
-1.42291 -0.119355 -5.59841
1.25353 3.24355 -5.96793
2.48003 3.21167 -4.16636
1.48188 3.38686 -5.83249
-2.17894 2.2676 -3.86532
-2.62935 2.72275 -3.99579
-1.05669 1.14804 -6.57166
-0.71756 1.54211 -6.35399
-2.79526 -1.55332 -3.17943
-2.69834 -1.24826 -2.99863
2.60181 2.54397 -6.36982
2.51556 2.63829 -6.42671
-1.74515 0.0970547 -2.35633
-1.04886 1.63699 -6.32745
-0.666612 2.15969 -5.97392
-1.06749 2.28867 -5.99267
0.801589 1.66242 -7.82972
0.73874 2.10731 -7.90253
1.98903 3.26846 -5.37302
2.05253 3.34647 -5.23404
-2.0654 -0.519295 -2.79324
-3.74077 0.993892 -2.22473
2.46385 3.3381 -5.96413
2.58497 2.40309 -4.30848
-1.44862 1.88297 -5.06761
4.02054 2.08325 -5.00133
-0.269574 3.83999 -6.29425
0.607837 3.24735 -6.0977
-0.782854 1.82614 -1.56645
-1.56849 2.92562 -3.90354
2.69329 2.46491 -4.51953
2.58472 2.41188 -4.31506
-1.28781 0.873636 -1.77116
-0.905497 0.125488 -6.73927
-0.728791 0.392638 -7.0658
-1.35041 1.1147 -2.07896
-1.97326 1.21645 -4.84203
2.1087 2.26224 -5.68807
1.5492 3.35725 -5.51946
1.33665 3.44746 -5.38872
-1.46532 1.25141 -5.35842
-3.30716 -0.0560404 -1.90848
-3.29635 -0.215114 -1.83241
2.81363 2.06739 -3.6567
3.01609 2.53925 -3.55554
0.185629 1.67237 -7.17148
1.98805 3.24076 -5.3223
2.05096 3.2608 -5.13083
-1.41637 1.06971 -0.933596
-1.76659 0.105602 -2.37138
-1.93359 -0.0297557 -2.01849
-2.05703 0.418706 -2.2054
-2.16399 -0.233244 -2.5832
-1.94377 -0.199008 -2.6086
-0.982583 1.4586 -6.25223
-0.960418 2.30566 -6.09896
-0.966526 2.16076 -5.7916
-1.60883 0.624466 -5.15573
-1.5994 0.577614 -4.93099
2.31278 2.84689 -5.94494
-1.40777 0.979577 -2.12653
-1.80203 0.300484 -1.81349
-2.73611 -1.57222 -3.13879
-2.65063 -1.26673 -2.96115
-1.15738 1.3482 -1.53569
-1.41278 1.8859 -5.04277
2.65447 2.77628 -4.03606
2.557 3.139 -3.95584
-1.69997 1.64527 -4.49119
-1.14014 0.0929815 -6.10993
-2.66951 -1.445 -3.54766
-1.48401 -0.0980488 -5.70119
-2.29122 -0.822335 -3.06513
-2.09451 -0.508254 -2.81826
-0.198841 1.92618 -6.92688
-0.706776 2.48005 -6.52172
-2.0792 0.752654 -5.17044
-0.144411 1.24519 -6.81386
0.19005 0.516888 -8.07659
0.381967 2.26105 -7.29603
-1.60207 0.419947 -2.14748
0.80351 1.66169 -7.83194
0.778268 1.79621 -7.49528
-2.17793 1.7234 -4.24936
-2.12396 2.75796 -3.21962
-1.23292 -0.376304 -6.56984
-1.43827 -0.738017 -5.42741
-1.1379 1.29037 -6.62702
-0.830327 0.9655 -6.03114
-0.467735 4.06407 -6.60958
-2.15727 1.71976 -4.19981
-1.62172 2.9863 -3.94355
-0.75462 1.90026 -6.28504
-1.24485 2.51362 -6.31175
-1.13452 1.51679 -5.46765
-1.43528 -0.306946 -6.99042
-1.22164 0.163092 -6.2728
-1.4435 0.0464387 -6.12941
0.631474 1.94925 -7.53705
-2.26398 -0.831376 -3.04293
-1.0663 1.57744 -1.79164
-1.66939 0.895566 -1.27955
2.1294 2.23998 -5.65295
2.13757 2.63065 -5.50296
2.85463 2.27969 -3.85377
3.02083 2.60937 -3.61024
-2.34953 2.43332 -3.72532
-2.64651 -1.22551 -2.94856
-2.51219 -1.45866 -3.43301
-2.4904 -1.14765 -3.31987
-1.92296 -0.207846 -2.59205
2.47336 3.07352 -4.02873
-2.35903 -0.616594 -2.52415
-2.15612 -0.325582 -2.27807
1.52062 3.23397 -5.64256
-1.38258 1.23675 -1.17821
-1.77273 0.282546 -1.79329
-1.57468 0.572814 -1.5596
2.42111 3.02333 -6.11064
3.56305 2.06497 -3.10437
2.10408 3.23833 -5.09094
0.418678 2.22244 -7.22167
-1.70117 1.68034 -4.51557
1.00213 2.26891 -7.09091
-0.800155 1.84348 -1.56569
-1.60863 0.433573 -2.14771
-1.81728 2.85777 -3.54633
-1.23891 0.957873 -5.46713
1.204 3.35198 -6.09593
-0.92696 0.383492 -6.67315
-0.910027 0.351218 -6.50584
-4.79196 -1.60586 -0.0742727
-0.931113 -1.39927 4.40021
-0.771763 -2.45287 4.05578
-3.33983 -0.928198 2.81648
-2.57249 -1.03271 3.46107
-3.72525 -1.48811 2.43272
-1.07168 -0.537219 4.09246
-1.94726 -2.73625 3.25159
-2.06814 0.684035 2.62058
-2.95542 -1.8169 2.88676
-3.87861 -0.950488 2.88826
-4.60886 1.2586 0.844257
-1.84004 -2.71683 3.29037
-3.90463 -0.846814 2.75038
-2.33831 1.35632 0.336608
-4.35182 0.207757 -0.445433
-4.32026 0.570477 2.28741
-5.5309 -0.708079 1.4059
-5.35908 -0.588373 1.8655
-5.28379 -1.61819 -0.101627
-5.55656 -1.01171 1.27329
-2.40091 1.0112 0.95054
-4.30469 -0.798035 2.61822
-4.99493 -1.60473 -0.103747
-4.55652 -0.234126 2.26601
-4.38654 -0.144273 2.29829
-2.87523 0.561812 2.84354
-4.3191 0.57578 2.27611
-0.881086 -1.22571 4.4571
-3.5872 -0.858691 2.40529
-8.26176 5.04798 0.122981
-1.15857 -0.38539 4.25514
-2.36538 1.3735 0.341036
-5.34624 3.20707 0.349945
-5.76703 -0.81137 1.36303
-5.51259 -0.275418 1.95914
-4.12993 1.03737 0.824526
-4.42827 -0.206238 -0.801292
-4.15761 0.265564 -0.609712
-3.23334 -2.55387 2.77418
-3.87195 -1.5288 2.47512
-2.86082 1.10036 1.30702
-0.538659 -1.75947 4.43734
-5.02796 -1.59794 -0.108828
-4.89187 0.00655849 0.21836
-4.63156 1.26394 0.841859
-5.514 -0.233333 1.95339
-3.44272 -0.898779 2.83737
-2.61103 1.46623 0.294352
-2.51531 1.31242 0.510003
-0.675743 -0.207523 4.59507
-3.84583 -1.56684 2.41448
-3.5907 -0.914137 2.77704
-2.54299 1.47198 0.358699
-5.58973 -0.817913 1.38367
-5.60048 -0.483504 1.51573
-3.67002 0.318929 -0.928186
-4.12117 0.255587 -0.601011
-4.44039 0.725714 2.35084
-6.01403 -2.00629 0.992251
-5.54623 -2.14854 1.25359
-5.47352 0.308817 1.96502
-3.61267 -2.2973 2.06766
-3.70856 -1.49765 2.44386
-3.6096 -1.57999 -2.29065
-1.63982 0.517189 -1.65961
-5.31369 -1.60415 -0.123655
-4.12749 -1.6527 -2.17104
-4.77513 -2.08753 -1.17379
-3.13958 0.881705 -2.06646
-2.73054 -1.49881 -3.0391
-4.6605 -1.89458 -1.73696
-4.13886 -0.0624899 -0.02821
-1.5679 1.22311 -0.934349
-2.4263 1.41712 0.326519
-6.07374 0.208296 1.99686
-1.89607 0.362968 -1.89147
-3.73822 -1.65869 -1.99875
-1.84019 -1.63058 3.55237
-4.41848 -0.878409 2.34246
-2.96145 -2.5866 2.64886
-2.69183 1.3652 0.703322
-3.36843 1.48612 1.29654
-4.22681 0.853515 0.891771
-4.23949 -1.62825 2.70242
-1.68461 0.876749 -1.30692
-5.09801 -2.11727 -1.26441
-1.11196 1.51757 -0.918278
-2.7518 1.46106 0.690993
-0.741014 0.282252 0.021628
-3.74451 -1.57204 2.55765
-5.64459 -0.408717 1.93791
-2.94931 0.742283 3.01434
-1.65382 0.620823 -1.59247
-1.74909 0.944364 -1.32129
-1.00717 1.3019 -1.55249
-1.5492 0.918945 -1.27993
-3.84335 0.619449 -1.44204
-4.35152 -1.89237 -1.647
-2.17771 -2.52579 3.00675
-2.3823 -1.73227 3.2592
-3.53692 0.00458094 -1.99707
-4.99664 -1.59904 -0.103977
-3.71233 0.992626 -2.19542
-3.24614 1.74043 0.656758
-2.95275 0.584656 3.03188
-1.05846 1.36474 -1.58304
-2.64586 1.40763 0.628162
-4.18139 -0.0334887 -0.0648171
-2.84367 1.0692 1.45969
-3.74556 -1.55991 2.56652
-5.64503 -0.541236 1.49437
-3.37549 0.844157 -2.02908
-4.22133 -2.34703 1.84034
-2.60555 0.582989 2.83541
-3.51703 -0.888022 2.85687
-1.75473 0.486215 3.18142
-3.24772 -1.58144 2.49312
-2.69201 -2.10874 1.78794
-3.48405 0.633961 -1.62723
-3.32962 -2.30368 2.25355
-1.43286 -0.147997 -5.17637
-3.37192 0.760409 -2.01896
-1.29417 1.27772 -2.10285
-3.7896 0.616447 -1.4865
-0.751581 0.287235 0.0184642
-4.0274 0.704253 -1.57659
-1.38065 1.16099 -2.126
-1.06876 1.02758 -1.74252
-2.65089 -0.52825 -2.76747
-4.31563 0.199873 -0.449108
-1.50513 -0.126452 -5.31576
-1.66912 0.662106 -5.29905
-2.76117 -0.884603 -2.95204
-3.19591 1.32691 1.42211
-2.94591 1.58081 0.500293
-1.91393 0.368637 -1.88444
-3.59702 0.678825 -1.66976
-5.40234 -0.566064 1.87362
-2.77208 1.48146 0.498903
-3.54376 -0.393424 -2.06309
-2.67824 -1.56207 -3.0923
-3.03597 1.3766 1.00936
-1.41689 0.974331 -5.407
-2.53022 1.42895 0.478992
-2.77594 1.03246 1.32133
-2.07027 2.61547 -3.65108
-3.91407 0.575571 -1.31265
-0.708077 0.255427 0.0276028
-2.66653 0.581365 2.75343
-4.01188 -0.642163 -1.21881
-2.49389 0.669075 -8.32209
-4.57932 -0.799356 -2.55848
-10.4729 -0.685373 -4.63742
-1.28386 1.19974 -2.0355
-1.8236 1.76141 -4.64757
-4.76271 0.0809355 -0.0361792
-5.75191 -0.99461 1.30843
-5.01237 -2.11987 -1.23036
-4.34548 0.607988 2.29928
-1.84646 -0.465443 -5.55958
-4.74317 0.925697 0.818278
-2.7784 1.0808 1.36606
-4.27371 0.285246 -0.566329
-3.25221 1.99122 -1.28149
-4.09661 -0.147948 -1.13802
-3.40018 0.84254 -2.06407
-3.73491 -0.940198 2.74879
-0.683167 -0.158834 4.63971
-1.05154 0.522817 3.45152
-4.96395 -0.389146 2.10007
-4.75776 -0.00323004 0.0862056
-1.24697 -1.38915 4.16106
-4.37132 0.725408 2.62207
-1.12117 -0.0833732 4.34646
-0.705208 -0.138355 4.64029
-1.18542 0.650169 2.7816
-0.892652 0.721937 2.58985
-5.15642 0.713742 0.522853
-1.05735 0.0311978 4.38021
-0.728301 0.420136 3.86291
-0.789781 -2.54072 4.12411
-0.702817 0.526749 3.18863
-1.99532 -0.700321 1.71709
-5.1811 0.931168 0.756236
-5.13988 -0.785108 0.133446
-1.83377 -0.443497 0.518913
-2.63333 1.30574 0.780067
-0.988065 -0.0681518 4.41694
-3.14856 1.22174 1.4124
-2.89541 1.01823 1.63549
-1.82069 -0.613753 3.97619
-5.46411 -0.784946 0.0262624
-4.21338 0.675423 2.33428
-2.35804 0.975767 1.74757
-2.8558 1.11823 1.36523
-0.350578 0.397428 3.50995
-0.929298 -0.392586 4.41486
-11.6043 -0.255149 1.19411
-0.231849 0.492716 3.45755
-4.44872 -1.84286 2.04418
-6.35948 -0.234935 1.49645
-4.20573 -0.0682301 1.88669
-5.8038 -1.44738 1.07058
-6.45827 -0.00533102 1.63002
-2.94475 1.15211 1.29919
-4.00086 -0.802049 2.59947
-3.55863 -0.847418 2.7717
-1.38816 0.836911 2.27469
-2.13786 0.664221 2.63742
-1.68537 0.460754 3.32551
-5.14158 -1.15431 -0.0320069
-2.76896 1.10661 1.32053
-0.898057 -0.312991 2.13259
-3.98098 -0.939588 2.9248
-3.81201 0.712731 -1.72828
-4.54299 0.237343 -0.482724
-5.97754 0.189313 1.94372
-4.30951 -0.804795 2.60135
-2.67374 0.598429 2.76126
-3.80248 0.635998 -1.51043
-5.81862 -0.570221 1.35746
-3.68789 0.662905 -1.69075
-3.62587 -0.880005 2.7522
-2.55674 1.29895 0.727683
-2.62816 0.596974 2.85454
-2.68588 1.42142 0.485371
-2.61489 0.599416 2.83933
-3.00897 1.23956 1.37924
-3.37753 -1.48318 2.32009
-3.43727 0.817456 -2.10401
-3.78251 0.735245 -1.73086
-2.30862 0.667584 2.62561
-2.17 0.676475 2.64822
-2.77945 1.41569 0.592763
-5.65835 -0.826357 1.3572
-2.22738 0.714334 2.62845
-4.01106 -1.59225 2.42634
-3.88845 0.557335 -1.30476
-3.95244 2.06907 -1.06595
-3.23464 1.65677 -0.611466
-1.95756 0.402935 1.553
-2.946 1.23318 1.22791
-2.55025 1.33225 0.483839
-2.67916 1.41097 0.491388
-1.97115 0.725777 2.50355
-3.50308 -0.881136 2.85051
-1.60134 0.46011 0.483411
-4.15523 0.35128 -0.801117
-3.44862 0.831755 -2.10954
-4.05919 -0.599536 -1.27313
-2.78194 1.13551 1.26714
-2.65872 1.4943 0.483629
-2.97947 1.10941 1.38923
-6.55632 4.00835 0.277474
-4.06523 -0.599195 -1.27432
-1.98005 -0.915569 2.62451
-3.74687 -0.83679 2.75116
-4.09791 -0.141715 -1.13954
-5.83767 3.46421 0.2893
-2.9449 1.16738 1.25326
-2.85567 1.10628 1.29817
-2.78551 1.13671 1.27053
-2.8999 1.06758 1.40093
-5.56057 -0.201166 1.96599
-5.15308 -1.15353 -0.034934
-3.13938 1.91557 -1.24797
-2.54629 -0.842539 0.636561
-5.55417 0.175958 -2.16313
-2.60689 0.609893 2.74876
-2.78354 1.08532 1.36769
-2.74838 1.18223 1.15213
-2.90444 1.06857 1.40355
-1.98569 0.42534 3.34055
-5.60522 -1.49466 1.51988
-5.72724 0.154126 1.96911
-4.16163 -0.741763 2.48935
-4.01556 -0.784669 2.60502
-3.86046 -1.55145 2.45125
-5.67879 0.19303 -2.25249
-3.63827 -0.844789 2.81281
-4.50986 -0.671759 2.29791
-1.33478 0.0436349 -5.9665
-0.849587 2.42359 -6.42981
0.182677 1.69378 -7.23073
-0.182877 1.861 -6.94718
-1.33313 0.00793882 -5.93844
0.18169 -0.247448 -8.36073
-1.15214 0.667705 -5.88129
-1.22819 0.985097 -5.85876
-0.326637 2.50162 -7.26636
-0.745859 1.58936 -6.45788
-0.95955 1.21031 -6.34614
-1.22632 0.979409 -5.84892
0.968907 1.23954 -5.42281
-0.504433 2.25158 -6.15981
-0.674433 0.27738 -6.67848
-0.284433 2.38893 -7.11508
-1.28609 0.491412 -7.52236
0.642861 3.25197 -5.93875
-2.28471 2.44321 -3.09767
-1.81775 -0.53599 -6.33879
-1.73587 0.278238 3.54354
-0.814698 -2.71437 3.93894
-1.01085 -0.367768 4.4004
-1.30917 0.413695 3.41312
-0.24994 0.311301 3.59179
-1.73746 0.746779 2.46396
-3.22282 -1.52937 2.451
-0.696649 -2.33953 4.16361
-1.84223 -2.02061 3.29572
-0.103024 0.423601 3.55511
-0.631082 0.409074 3.50205
-4.43198 -0.740301 2.51983
-0.797936 0.591759 2.95859
-0.493285 0.39228 3.53939
-0.594663 0.692049 2.70763
-0.715977 0.500206 3.23108
-0.655212 0.57594 3.01626
0.319394 -0.929245 5.21946
-3.77293 -1.03308 2.77883
-1.18519 0.651513 2.79086
-2.08563 -1.49971 3.44577
-0.477547 -2.39534 4.20395
-3.02001 -1.74127 2.80071
-3.23757 -1.76802 3.06424
-2.45763 -1.27438 3.34083
-2.16914 -1.28381 3.50288
-3.52227 -0.82558 2.56318
-1.26349 0.508734 3.11901
-1.38129 0.553262 2.88488
-3.68424 -1.16379 2.65414
-2.81638 0.508965 2.9505
-2.47057 -1.25105 3.35575
-3.69283 -0.91986 2.71099
-3.17778 -1.63075 2.9514
-0.607378 0.307816 3.79042
-3.10156 -1.6559 2.70839
-3.20396 -1.66483 2.89704
-0.734156 0.380959 3.30088
-1.82745 -1.39788 3.96372
-3.84509 -0.825615 2.67138
-2.03523 -1.37972 3.57968
-1.49595 0.387063 3.42837
-1.33663 0.653866 2.75776
-2.47993 -1.23398 3.37991
-0.665308 0.38798 3.77593
-3.17248 -1.72724 2.92402
-3.85065 -0.89323 3.0939
-3.57997 -1.56484 2.59724
-0.364372 0.524668 3.17386
-0.836644 -0.405214 4.50615
-1.09945 0.280318 3.74209
-4.69502 -0.391944 2.37902
-0.860634 0.354801 3.63485
-0.747518 0.33265 3.71368
-1.10432 0.285027 3.75623
-0.315622 0.371242 3.54452
-2.48378 -1.23015 3.37479
-2.8915 0.561367 2.83084
-2.06283 -1.39771 3.48695
-1.87882 -1.29021 3.58926
-2.50651 -1.2703 3.29358
-1.82294 -1.53068 3.54472
-3.47461 -0.880256 2.87268
-4.42373 -0.0519526 2.31148
-2.48493 -1.71579 3.13008
-1.08134 0.508458 3.13924
-1.39259 0.262153 3.92451
-3.18207 -1.72169 2.94195
-3.90104 -0.826032 2.73326
-1.40735 0.642767 2.78044
-1.94256 0.452324 3.28389
-0.839461 0.422866 3.47609
-0.749442 -1.20578 4.54497
-4.41542 -0.0519527 2.29135
-1.18371 0.26398 3.81912
-0.350875 0.342706 3.69324
-0.884506 0.607234 2.93174
-0.424237 0.666631 2.79857
-3.47759 -0.87276 2.85273
-2.48395 -1.22427 3.39318
-1.49545 0.575374 2.96119
-4.50729 -0.668066 2.29281
-3.13172 -1.12926 3.12826
-1.939 0.45021 3.27489
-1.78942 0.454962 3.25929
-2.7831 -1.55579 3.07983
-2.78913 -1.10575 3.25628
-3.13253 -1.6626 2.80185
-0.747385 0.325197 3.68679
-0.304602 0.379635 3.59398
-3.67615 -0.841741 2.76801
-3.60428 -1.59218 2.59875
-0.151261 0.590961 3.03052
0.12582 0.4571 3.4007
-2.48798 -1.22245 3.40635
-2.42479 -1.03141 3.47023
-0.907508 0.579135 2.97558
-3.12212 -1.23843 3.05211
-4.37604 -0.742149 2.47339
-0.788728 -0.0661035 4.53094
-0.719234 -0.16698 4.55602
-3.18731 -1.71901 2.9549
-4.71331 -0.543812 2.36497
-1.99811 0.38405 3.45979
-4.42689 -0.425756 1.99881
-1.49806 0.409087 3.42763
-5.11693 -0.217206 1.73151
-0.700547 -1.62764 4.40473
-1.32986 -0.257849 4.30544
-0.769441 -1.36673 4.35882
-4.68882 -0.553905 2.35264
-6.21067 -0.690172 2.2843
-2.07163 -0.27621 3.54329
-1.09868 0.330794 4.16577
-1.06435 0.372545 3.5457
-4.10385 0.573326 2.07792
-1.67975 0.498465 3.13794
-2.55394 0.604085 2.80051
-4.44605 -1.68824 2.11544
-4.60047 -0.395534 2.31476
-5.45644 -0.628655 1.80007
-5.63471 0.101814 1.98712
-0.782404 -2.46792 4.14185
-1.19025 0.403751 3.46905
-2.11009 -1.27019 3.29435
-5.2659 0.674141 2.21396
-4.10314 -0.997163 2.7032
-1.88489 -2.12613 3.2035
-2.59702 0.576316 2.79752
-4.27805 0.608957 2.23808
-1.28115 0.759406 2.47309
-4.1416 -1.64533 2.61926
-4.06878 -1.39013 2.61
-4.26468 -0.735551 2.55843
-5.50658 -2.12649 1.23197
-1.87888 -2.0904 3.16649
-1.97243 -1.44343 3.34085
-4.29785 0.621378 2.24876
-3.09549 -1.49614 2.95035
-2.9271 -1.35758 3.0139
-1.56752 0.616551 2.86266
-5.25511 0.671698 2.19661
-4.11352 -1.64043 2.59447
-0.690953 -0.371919 4.74256
-1.55464 -1.09222 4.09057
-1.89666 -1.10852 3.52962
-2.18085 -1.14125 3.67732
1.15724 -0.0639062 4.43802
-1.85315 -0.716856 3.8241
-3.04642 -2.63876 2.83169
-0.761775 -0.148226 4.14277
-2.06556 -0.0415852 3.54407
-2.92643 -1.62957 2.91402
0.422715 -0.373798 5.67385
-0.680773 -0.0785437 4.22491
-1.35362 0.426013 3.37775
0.340816 -1.51299 4.91037
2.78287 -0.606243 4.87763
-1.10711 -0.28708 4.19663
-2.64243 -1.33123 3.60579
-3.65989 -0.946818 3.10358
-0.810473 -2.57213 3.91583
-1.04016 -0.620475 4.13762
-2.21146 0.645565 2.69854
-0.334523 0.596794 2.99732
-0.144466 0.428413 3.65836
-2.94224 -2.4714 2.6453
-0.870666 -1.23193 4.49252
-0.967285 -0.636231 4.41394
-1.10669 0.288826 3.7554
-1.38328 0.591468 2.96159
-1.25186 0.652084 2.73495
-1.84725 -2.31682 3.37513
-0.650779 0.297152 3.85521
-1.89916 -1.75773 3.28261
-2.96559 -2.49253 2.69955
0.38234 -1.97162 4.70738
-0.703603 -1.61351 4.40052
3.38432 0.0982964 4.62918
3.4957 -0.0506128 5.11244
4.30424 -0.0350019 5.24374
3.85528 0.589331 3.32082
3.19941 0.25689 4.17579
3.55811 -3.1662 5.85001
-1.79559 -0.00729428 3.98468
3.59883 0.716151 2.93777
-3.13376 -1.50191 2.99914
-1.90481 -0.705737 3.92516
-4.73827 -0.383629 2.3842
5.05869 -3.35258 6.74797
1.11318 -3.03265 4.56212
5.33446 -1.37137 6.65601
3.38939 -1.00219 6.70266
-1.7539 -0.296753 3.74234
-0.793791 0.563816 2.91693
-0.134112 0.404756 3.59755
1.5044 -3.21188 4.72087
1.84552 0.139906 4.34361
-1.4852 0.58726 2.86062
-0.91227 0.753053 2.46839
-1.41909 0.646511 2.80816
-1.16114 0.304458 3.71763
-0.31534 0.480349 3.30092
0.0895361 -2.78827 4.47575
-0.628742 0.474876 3.33941
-2.22962 0.699089 2.57362
-1.48781 0.825219 2.45521
-1.96963 -1.45584 3.35443
1.54005 0.545291 3.26589
-0.431608 0.757129 2.45019
-3.1723 -1.74176 2.91235
-3.65447 -0.972573 2.83199
-2.80573 -1.16968 3.19974
-3.62848 -0.971651 2.81504
-2.48039 -2.4568 3.10243
-2.73182 -1.13629 3.09643
-2.41186 -1.9141 3.09804
-2.34361 -1.97209 3.38421
-1.81049 -2.6655 3.09175
-3.15124 -1.80262 2.93057
-2.74845 -2.56507 2.72086
-1.80217 -2.60171 3.06683
-3.11544 -2.4678 2.55633
-3.01429 -2.44002 2.54114
1.08177 0.362835 4.1118
-2.40026 -2.33781 2.93867
-2.79279 -1.11067 3.26061
-3.11098 -1.49702 2.97671
-2.99728 -2.42829 2.51919
-2.82046 -1.50991 3.13182
-1.80709 -2.60948 3.0808
-1.72457 0.0450885 3.83131
0.740195 0.382638 3.66542
-3.18929 -1.00418 3.13768
-2.78612 -2.56781 2.73411
-1.85222 -0.822248 3.54107
-0.344077 0.311556 3.80001
-1.88003 -1.23146 3.51243
-3.1754 -1.0012 3.11793
-2.78119 -2.55935 2.72872
0.73588 0.381 3.66108
-2.7995 -1.92962 2.95069
-1.02212 -0.0373507 4.36305
-2.77865 -2.61753 2.72335
-2.33566 -2.08237 3.29824
-3.38605 -1.58533 2.12485
-3.60193 -2.29828 2.04632
-3.10373 -1.13676 2.14331
-2.73352 -1.727 3.02843
-2.32725 -2.57973 2.99939
-1.76473 -0.714299 3.593
-3.65724 -1.6086 2.22625
-3.62201 -1.84906 2.41159
-3.75941 -1.72596 2.60869
-2.41399 -1.31552 3.36431
-3.75346 -1.76961 2.30517
-2.97613 -2.57262 2.69462
-2.82456 -1.18642 3.24973
-1.00202 -0.278892 4.41607
-2.3407 -1.78011 3.4452
-2.44222 -1.3003 3.56397
-2.50612 -2.49684 2.94295
-2.45412 -2.74992 3.35818
-3.45174 -1.90436 2.1837
-2.63252 -2.35462 2.57516
-3.2196 -2.47611 2.67554
-3.2178 -2.45869 2.77061
-3.46905 -1.59205 2.64999
-3.20723 -1.5931 2.77863
-3.15318 -1.63971 2.91189
-3.51069 -2.31168 1.95215
-4.00555 -2.2444 1.74341
-2.34362 -2.59688 3.07929
-2.35612 -1.9828 3.462
-2.35975 -1.77826 3.56917
-4.21883 -1.39909 2.85474
-3.34817 -1.7773 2.42449
-3.47576 -1.6919 2.14025
-2.73494 -2.87115 2.65497
-3.28264 -2.40364 2.14158
-2.38324 -1.62762 2.99406
-3.05822 -2.42214 2.46158
-3.21088 -2.47218 2.65836
-2.78042 -1.51564 3.0111
-2.70003 -2.83016 2.56901
-3.60068 -2.34566 2.04303
-4.25294 -2.34127 1.88455
-3.77088 -1.5547 2.5978
-3.65029 -0.964852 3.79724
-0.847883 -0.207759 4.47392
-3.83746 -1.70205 2.53287
-2.34763 -1.97102 3.47145
-3.68831 -1.73193 2.45494
-3.10041 -1.67321 1.87336
-1.88032 -1.21812 3.68125
-2.39832 -2.55612 2.91133
-2.73277 -1.6866 3.18608
-3.29102 -1.17524 3.1467
-2.80193 -2.34817 2.84475
-4.32863 -2.35765 1.91364
-3.15094 -2.48283 2.6451
-2.06169 -2.50986 2.90776
-3.94738 -1.67605 2.65769
-2.91122 -2.45963 2.5912
-0.835374 -0.424677 4.49003
-2.82794 -1.17403 3.23749
-3.7992 -1.55336 2.64407
-3.12224 -2.45997 2.58721
-2.7751 -1.86501 2.90661
-2.44746 -2.46021 2.74822
-3.59158 -1.32789 2.52057
-4.04265 -0.960888 2.93679
-3.5739 -0.856859 2.81519
-4.45271 -2.3975 2.0003
-3.79093 -2.36695 2.2451
-1.81324 -2.66295 3.09295
-0.701327 -0.30765 4.66473
-3.61055 -1.48596 2.62336
-2.792 -1.92503 2.93336
-2.68437 -1.83378 2.63045
-2.88016 -2.47152 2.56285
-3.94823 -0.772749 2.81044
-0.766679 -2.96661 4.03298
-4.18649 -0.781787 2.04364
-3.84343 -1.02872 2.89913
-2.81269 -1.33392 1.58374
-2.37831 -1.79236 2.9878
-2.11688 -1.72063 3.16259
-2.40784 -2.33676 2.96493
-2.40336 -2.33385 2.94062
-2.38757 -2.76613 3.24871
-2.35367 -1.77365 2.84057
-2.74875 -1.86102 2.82352
-3.72083 -0.957331 3.24136
-2.42169 -1.94297 3.18862
-2.41239 -1.78853 3.2085
-2.74175 -2.44777 2.73321
-2.79923 -1.75111 2.99769
-3.44745 -2.36913 2.4049
-4.71636 -0.557627 2.37378
-2.3981 -2.66884 3.15364
-3.51624 -1.09131 2.96712
-1.89218 -0.981664 3.66313
-3.57849 -1.0111 3.03901
-2.77903 -1.73972 2.94866
-2.42142 -2.4287 2.64371
-2.00272 -1.25331 3.49949
-2.44662 -1.60131 3.59936
-2.41589 -2.36543 3.03417
-2.41372 -2.01172 3.193
-2.83273 -1.50405 3.16449
-0.969254 -0.309795 4.42484
-2.62437 -1.59001 2.64509
-2.86484 -2.53116 3.01862
-2.97659 -2.32281 2.27942
-2.49197 -1.70346 3.14092
-2.74638 -2.44503 2.73071
-3.4701 -1.98832 2.1744
-0.747516 -0.234742 4.53543
-2.47304 -1.70951 3.06846
-3.85956 -1.66243 2.57374
-3.16578 -2.39251 2.54608
-0.976789 -0.104955 4.43217
-2.48023 -1.70748 3.10043
-2.72365 -1.28454 3.03412
-1.7964 -0.777031 3.71018
-1.84453 -1.02115 3.70278
-10.1348 -6.08328 10.7906
-2.79503 -1.38074 3.10685
-1.96404 -1.46478 3.41193
-1.75266 -0.299761 3.78009
-2.92569 -1.83233 2.83836
-3.95945 -1.52479 2.89001
-4.36681 -1.6711 2.10248
-2.73458 -2.87026 2.65034
1.45477 0.214974 4.24064
0.819993 0.279411 4.01927
-0.313007 0.479022 3.33288
-1.0551 0.367569 3.52079
-3.12093 -1.78702 2.89557
-1.078 0.508891 3.13832
-0.669068 0.54883 3.14805
-1.95573 -2.24405 3.03733
1.22486 0.529077 3.32109
1.71309 0.269648 4.07455
-1.53912 0.755645 3.08562
1.65834 0.402387 3.68319
-1.96714 -2.2477 3.06691
-3.11398 -1.78759 2.89836
-1.63338 -1.80455 3.77985
-0.124335 -2.12393 4.60317
1.31044 0.459988 3.508
1.24668 0.557045 3.21827
0.493322 0.456402 3.45247
-1.00891 0.333237 3.83555
-1.09541 0.614742 2.90303
-0.421081 0.371967 3.60561
-2.069 -1.41771 3.36553
-3.75999 -1.62133 2.34382
0.360392 -0.896791 5.33837
0.520989 -0.00868641 4.92417
0.310385 0.437777 3.38202
0.333076 0.488522 3.37845
1.47402 0.466507 3.46213
0.984422 0.500036 3.1227
1.00665 0.369976 3.42355
-1.96411 -2.2266 3.05049
-0.80901 0.604329 2.94643
-0.496531 0.400319 3.55253
-0.491887 0.587459 3.14485
-2.12855 -1.98888 3.12497
-3.79064 -0.949372 2.9642
-1.7872 -2.46464 3.38956
-0.987284 -2.64947 3.14312
-2.48609 -2.09346 3.19586
-3.58644 -1.18081 2.54185
-2.97969 -2.56482 2.712
-3.4583 -1.598 2.3974
-2.49117 -1.79971 3.22102
-3.14134 -2.43894 2.54856
-2.36277 -1.96046 3.12085
-3.85107 -1.83832 2.38118
-2.3581 -1.98402 3.10357
-2.1627 -2.41958 3.30034
-2.15013 -1.29146 3.4252
-3.79049 -1.76952 2.34146
-0.218083 0.364869 3.71673
-1.7034 -0.10829 3.62035
-1.86357 -0.821627 3.54927
-1.02414 -0.456896 4.37586
-0.935777 0.346451 3.65309
-2.09952 -2.35087 3.096
-2.35134 -2.47517 2.87604
-0.980906 0.312638 3.73732
-1.9691 -1.45455 3.34237
-4.69436 0.84718 2.55346
-2.74997 -2.48024 2.67126
-1.83547 -1.0218 3.66833
-1.05716 -0.193118 4.36748
-1.73365 0.0748532 3.91615
-1.93508 -1.18819 3.77809
-3.00544 -2.87926 2.40423
-0.930972 0.277978 3.67048
0.301295 0.419408 3.32824
2.07379 0.468733 3.79366
-1.10693 -0.526033 4.36408
1.15712 0.360188 3.45919
-1.47477 0.397537 3.40702
-1.30544 0.538206 3.07977
-0.885953 0.647641 2.84153
2.03915 0.473595 3.76471
1.98105 0.687056 3.55771
-1.84167 -1.65414 3.27458
1.75342 0.565601 3.2125
2.08503 0.725301 3.51953
-0.32742 0.468473 3.20615
-0.88542 0.656211 2.83684
-1.82069 -2.00547 3.25379
-1.43023 0.268785 3.9917
1.22578 0.517114 3.28721
1.55264 0.559412 3.29372
-1.48445 0.450035 3.34872
-0.0358322 0.445916 3.44027
-1.07311 0.283694 3.30368
0.838306 0.316748 3.85928
-0.316884 0.35902 3.54719
-2.40729 -2.58946 2.97858
-3.48147 -0.998374 2.88158
1.83144 0.66101 3.90786
-1.11043 0.461001 2.59252
2.50353 0.290023 5.31819
-1.78085 0.619119 2.21275
-1.3473 0.245581 4.42443
1.83835 0.299353 4.18529
-1.61157 0.829651 2.29966
-0.351611 0.562995 3.28141
-0.522597 -2.01471 4.38882
1.70357 0.0116783 4.17765
-1.08325 0.690249 2.52245
-1.40528 0.821448 2.29873
3.03617 -0.610735 5.30113
-1.12694 0.284478 3.58487
-0.0305775 0.597745 3.02353
-1.35215 0.693253 2.839
-0.410921 -1.59151 4.50219
-0.19551 0.732695 2.62485
-0.609221 0.708771 2.75307
0.0481856 -0.00772433 0.731735
-2.44058 1.02416 1.81373
-0.0713337 0.00610672 0.693442
-0.551849 0.196902 3.87643
-2.21548 0.92356 1.71414
-1.09729 0.844982 2.18371
0.0404424 0.0160437 0.683133
0.140007 0.0111663 0.687197
1.87533 0.169708 4.39793
-0.97222 0.628676 2.96936
-1.38478 0.836798 2.26807
0.303293 -0.0264581 0.777824
0.412107 0.00232803 0.772547
-0.890415 0.732229 2.59672
-0.347549 0.539221 3.19127
-2.29056 0.65781 2.73456
-2.76734 -1.13817 2.92742
1.77279 0.573911 3.22374
-0.856563 0.746583 2.64193
2.56815 0.5009 4.19643
-0.910067 0.83798 2.30839
-0.570603 0.469213 3.34628
0.295072 0.0335684 0.634403
-0.0340396 0.0342968 0.627846
0.340732 0.0670918 0.554596
-0.107935 0.0665326 0.506608
-0.10231 0.0849808 0.492543
0.337077 0.0648684 0.549689
0.264643 -0.0143909 0.732088
0.178046 0.0520728 0.575337
0.385348 0.0448667 0.625034
0.13892 0.0108747 0.690356
4.17818 -3.38342 6.27978
0.176772 -0.00509026 0.734928
-1.38104 -1.06532 4.24529
-0.382279 -1.73103 4.46505
-0.106109 0.0918442 0.513724
-0.0482951 0.0795716 0.567451
0.267152 0.0779152 0.603948
-0.245891 0.113125 0.432308
5.16534 -3.67933 6.39474
5.18106 -3.84545 6.32063
0.176131 -0.004773 0.732025
5.13663 -1.01339 7.49595
0.124124 0.113741 0.406058
0.249094 0.0906804 0.468602
